CSI_DATA: 8 -127 16 0 -20 23 -15 21 -12 16 -10 8 0 4 3 -2 7 -8 15 -14 18 -17 22 -25 24 -27 30 -25 35 -28 29 -22 31 -19 28 -19 26 -17 18 -11 13 -10 7 -3 0 -4 -5 0 -8 0 -15 1 -19 -2 0 0 0 0 0 0 0 0 0 0 0 0 0 0 0 0 0 0 0 0 0 0 0 2 2 -2 2 -7 4 -11 3 -19 6 -19 8 -22 13 -23 12 -27 13 -24 15 -27 15 -23 11 -20 7 -18 3 -12 0 -10 -2 -5 -5 -2 -8 2 -15 8 -18 10 -18 16 -18 17 -17 27 -22 30 -17 26
CSI_DATA: 41 -111 18 0 -34 1 -29 -1 -21 -3 -13 -1 -8 4 -4 -1 6 -2 14 1 23 0 29 3 33 1 36 2 39 6 35 6 35 10 32 7 27 7 21 6 19 6 11 4 8 1 -1 0 -6 -1 -7 -5 -11 -8 0 0 0 0 0 0 0 0 0 0 0 0 0 0 0 0 0 0 0 0 0 0 -3 1 0 0 3 0 8 -2 11 1 15 -1 21 -1 25 -1 26 0 24 2 22 3 24 3 23 1 17 -5 13 -4 12 -4 7 -5 0 -7 -4 -6 -11 -5 -13 -5 -20 -3 -23 -3 -26 -2 -33 -2 -33 -1
CSI_DATA: 80 0 5 0 -26 -9 -24 -9 -19 -6 -12 -2 -7 1 2 2 11 7 15 10 17 14 23 20 27 22 27 25 29 27 23 23 23 27 23 21 17 21 14 18 8 17 8 8 3 2 0 -2 0 -7 -2 -9 -4 -17 0 0 0 0 0 0 0 0 0 0 0 0 0 0 0 0 0 0 0 0 0 0 -1 0 1 -1 6 -2 9 -3 15 -3 16 -4 21 -3 25 0 28 1 21 -1 25 2 25 3 18 1 14 0 8 -2 8 -4 4 -4 -3 -6 -6 -6 -11 -9 -14 -9 -21 -11 -24 -10 -25 -13 -28 -11 -33 -10
CSI_DATA: 41 -111 18 0 4 -33 0 -28 2 -23 -2 -18 2 -8 4 -1 4 9 5 16 8 22 3 30 5 34 8 35 6 41 6 35 4 35 5 34 2 24 1 22 2 19 1 10 3 3 -2 0 -2 -6 -3 -14 -2 -17 0 0 0 0 0 0 0 0 0 0 0 0 0 0 0 0 0 0 0 0 0 0 2 -5 1 -1 -1 0 -8 6 -8 11 -9 10 -15 15 -12 16 -20 19 -17 19 -16 21 -12 20 -13 19 -10 15 -5 15 0 9 0 2 1 0 5 -5 6 -6 6 -15 6 -24 7 -22 6 -27 2 -39 9 -36
CSI_DATA: 41 -111 18 0 -37 -2 -32 2 -23 1 -15 3 -7 1 0 4 7 7 17 10 23 10 28 19 34 21 30 21 34 25 28 24 29 25 26 25 19 24 15 19 7 14 5 11 2 5 3 -3 -1 -6 -1 -10 -2 -17 0 0 0 0 0 0 0 0 0 0 0 0 0 0 0 0 0 0 0 0 0 0 0 1 4 -4 5 -8 8 -12 11 -15 16 -16 20 -22 24 -18 24 -18 20 -14 25 -15 23 -12 20 -13 12 -11 8 -11 5 -10 -4 -6 -6 -7 -13 -8 -20 -9 -21 -5 -30 -1 -29 -3 -35 0 -37 0 -36 -1
CSI_DATA: 23 113 17 0 -18 -25 -13 -22 -13 -18 -7 -11 -3 -5 -2 5 2 9 1 17 5 24 4 27 7 32 9 34 2 40 2 33 2 34 0 31 0 27 -1 20 -1 18 -2 10 -1 3 2 -2 2 -5 5 -10 9 -11 0 0 0 0 0 0 0 0 0 0 0 0 0 0 0 0 0 0 0 0 0 0 -1 1 2 2 10 2 12 5 13 6 17 7 20 13 23 13 25 15 20 14 20 17 18 14 14 12 10 7 8 2 6 1 6 -2 2 -12 0 -12 -5 -19 -8 -16 -9 -23 -14 -21 -18 -26 -18 -30 -21 -31
CSI_DATA: 80 0 5 0 10 -30 9 -26 8 -18 2 -11 4 -8 -2 3 -3 12 -1 20 2 25 -5 32 -3 34 -8 37 -4 38 -3 35 -5 31 -5 33 -3 26 -4 22 -5 17 -2 10 -4 5 -3 0 -4 -5 -3 -13 -3 -11 0 0 0 0 0 0 0 0 0 0 0 0 0 0 0 0 0 0 0 0 0 0 1 -1 0 4 -4 6 -9 9 -15 13 -15 15 -20 17 -21 18 -24 19 -24 16 -24 15 -23 15 -19 13 -10 10 -6 7 -5 5 2 3 5 -3 4 -5 13 -13 14 -16 16 -22 18 -23 15 -28 12 -35 14 -31
CSI_DATA: 30 -32 1 0 -17 6 -26 8 -18 6 -19 3 -24 4 -24 7 -23 -1 -27 -3 -20 -5 -25 1 -24 -3 -25 -1 -21 -3 -23 0 -28 -3 -23 -1 -21 -2 -19 3 -18 4 -18 0 -15 3 -9 -1 -9 -1 -7 -2 -6 -6 0 0 0 0 0 0 0 0 0 0 0 0 0 0 0 0 0 0 0 0 0 0 -8 4 -10 5 -13 6 -13 6 -9 7 -12 3 -15 5 -14 1 -14 1 -16 -3 -15 0 -16 -1 -15 0 -16 -2 -18 -2 -15 3 -22 3 -19 6 -19 5 -20 10 -20 15 -20 13 -21 11 -18 14 -13 12 -18 20
CSI_DATA: 41 -111 18 0 -5 16 -1 13 -3 9 3 -1 5 -4 2 -13 3 -21 5 -26 5 -29 5 -31 3 -36 3 -42 0 -45 0 -39 3 -38 4 -39 2 -32 0 -24 -5 -19 -4 -11 -1 -7 -5 2 -7 5 -7 17 -13 23 0 0 0 0 0 0 0 0 0 0 0 0 0 0 0 0 0 0 0 0 0 0 -1 3 -4 -3 -6 -6 -4 -15 -3 -19 1 -25 0 -28 5 -33 7 -31 9 -30 11 -27 11 -27 10 -17 8 -11 3 -7 0 -1 -2 6 -5 5 -6 13 -7 22 -8 24 -13 29 -10 23 -13 32 -10 32 -7 28
CSI_DATA: 41 -111 18 0 -1 -21 -1 -20 -3 -11 0 -9 2 -3 1 3 2 7 4 14 11 18 11 24 14 28 13 24 22 31 21 23 19 25 20 24 17 21 16 18 15 12 8 8 3 7 0 0 -4 -3 -8 -9 -10 -9 0 0 0 0 0 0 0 0 0 0 0 0 0 0 0 0 0 0 0 0 0 0 7 -3 3 3 2 7 -3 13 -7 13 -9 15 -18 18 -20 22 -20 18 -20 16 -24 16 -21 13 -24 14 -14 7 -11 4 -9 1 -4 -3 0 -6 3 -9 9 -13 7 -18 11 -23 5 -23 10 -28 6 -30 3 -30
CSI_DATA: 23 113 17 0 17 -16 10 -13 8 -8 3 -4 -1 -2 -5 6 -4 10 -6 16 -7 22 -7 22 -6 27 -5 35 -3 35 -6 30 -5 32 -4 32 -4 27 -2 25 2 18 0 11 -4 8 -3 1 0 -5 -4 -11 -2 -16 0 0 0 0 0 0 0 0 0 0 0 0 0 0 0 0 0 0 0 0 0 0 5 4 3 6 -4 5 -12 2 -17 4 -21 2 -24 -4 -29 -3 -32 -6 -26 -3 -30 -9 -26 -9 -22 -6 -15 -7 -13 -5 -8 -6 -5 -1 7 -4 7 -2 11 -4 18 -3 23 -10 19 -10 24 -13 26 -19 25 -15
CSI_DATA: 41 -111 18 0 9 -20 7 -11 6 -10 4 -7 2 2 6 5 4 17 8 21 7 22 14 24 16 30 23 27 27 30 22 22 25 21 23 24 23 18 19 19 11 13 12 4 3 5 2 0 -3 -2 -17 -3 -15 -2 0 0 0 0 0 0 0 0 0 0 0 0 0 0 0 0 0 0 0 0 0 0 -1 9 0 9 -8 8 -16 2 -17 -1 -22 -5 -30 -9 -32 -12 -33 -17 -34 -15 -32 -15 -23 -16 -24 -16 -21 -13 -11 -11 -9 -13 -1 -7 4 -6 7 -7 14 -9 21 -13 21 -12 23 -16 22 -20 25 -22 22 -26
CSI_DATA: 23 113 17 0 17 5 15 7 13 2 5 8 -3 4 -9 6 -8 8 -15 15 -18 19 -20 23 -18 29 -15 28 -16 38 -15 31 -10 33 -8 31 -6 23 -1 22 0 18 -2 12 1 5 -4 -1 -6 -6 -5 -10 -10 -11 0 0 0 0 0 0 0 0 0 0 0 0 0 0 0 0 0 0 0 0 0 0 -13 -4 -12 -5 -6 -9 -1 -11 2 -18 6 -19 12 -24 15 -30 17 -28 17 -26 17 -27 18 -29 17 -23 14 -16 10 -10 12 -4 7 2 10 5 6 10 13 15 13 16 17 21 17 16 26 18 26 19 26 19
CSI_DATA: 80 0 5 0 -18 -6 -13 -7 -12 0 -4 -5 9 -2 14 -13 15 -13 15 -17 23 -23 24 -28 19 -31 18 -35 18 -38 14 -34 10 -30 9 -28 6 -28 -1 -19 2 -17 1 -9 -2 -5 -2 1 -1 8 2 14 3 18 0 0 0 0 0 0 0 0 0 0 0 0 0 0 0 0 0 0 0 0 0 0 14 3 14 8 8 10 12 17 9 19 5 23 0 29 2 36 -2 32 -5 31 -3 27 -8 25 -10 20 -9 15 -9 11 -11 6 -11 -2 -13 -4 -12 -13 -22 -15 -24 -14 -26 -15 -22 -9 -32 -9 -29 -4 -32 -9
CSI_DATA: 16 1 17 0 -11 -9 -6 -8 -2 -4 1 1 6 2 15 4 14 1 24 9 27 5 29 5 31 2 35 -4 36 1 30 -6 30 -7 28 -9 23 -5 17 -6 10 -7 6 -3 -1 -1 -1 -2 -9 3 -9 5 -13 6 0 0 0 0 0 0 0 0 0 0 0 0 0 0 0 0 0 0 0 0 0 0 10 6 5 6 4 13 1 15 -5 17 -4 19 -13 23 -16 24 -15 24 -15 16 -19 17 -16 12 -18 9 -11 8 -11 -1 -9 -4 -10 -5 -8 -10 -5 -12 -6 -21 -6 -25 -11 -25 -7 -26 -10 -24 -16 -29 -15 -24
CSI_DATA: 41 -111 18 0 -19 11 -16 15 -16 7 -3 3 -1 -3 7 -5 5 -12 3 -20 8 -24 9 -30 5 -35 8 -42 4 -42 5 -37 -2 -36 2 -36 4 -34 1 -23 4 -21 -1 -14 -1 -5 0 2 2 6 2 14 4 19 0 0 0 0 0 0 0 0 0 0 0 0 0 0 0 0 0 0 0 0 0 0 -2 -11 0 -8 2 -3 8 1 14 4 17 5 20 11 23 17 23 18 21 16 23 18 17 21 18 16 13 11 11 9 4 6 -2 6 -7 3 -11 5 -18 3 -23 3 -26 1 -26 2 -33 7 -31 14 -27 11
CSI_DATA: 23 113 17 0 -19 -10 -18 -7 -11 -6 -8 -2 0 -1 5 0 13 -1 19 -4 26 -10 29 -10 34 -15 34 -13 38 -18 37 -16 37 -20 32 -14 26 -15 21 -10 20 -10 11 -6 2 -4 -5 1 -3 3 -14 8 -17 12 0 0 0 0 0 0 0 0 0 0 0 0 0 0 0 0 0 0 0 0 0 0 5 -6 4 -6 5 -1 8 7 7 12 8 16 7 27 3 28 5 27 4 28 -3 30 -3 26 -3 24 1 18 -1 13 -3 9 -3 4 -6 -1 -11 -6 -15 -11 -14 -13 -19 -17 -21 -14 -27 -17 -27 -18 -28 -13
CSI_DATA: 92 -64 5 0 -19 -16 -14 -13 -9 -9 -7 -10 -2 -5 4 -1 10 -5 18 -5 21 -2 27 -9 28 -6 31 -10 31 -16 29 -14 30 -14 28 -17 21 -20 21 -17 17 -14 13 -11 9 -3 3 0 -2 6 -9 10 -10 17 0 0 0 0 0 0 0 0 0 0 0 0 0 0 0 0 0 0 0 0 0 0 10 -1 10 -1 4 2 -2 8 -3 13 -7 12 -15 18 -14 17 -22 20 -21 20 -18 21 -20 19 -22 14 -14 14 -10 7 -13 4 -8 4 -7 -2 -7 -10 -6 -14 -6 -15 -5 -22 -7 -21 -12 -23 -14 -26 -14 -24
CSI_DATA: -115 -48 8 0 22 18 14 10 15 8 -1 3 0 3 -4 -1 -17 0 -21 1 -26 2 -34 5 -39 9 -34 10 -37 16 -36 11 -35 18 -32 16 -29 15 -26 13 -22 12 -15 6 -8 5 -4 -3 3 -10 9 -13 11 -17 0 0 0 0 0 0 0 0 0 0 0 0 0 0 0 0 0 0 0 0 0 0 -13 3 -11 0 -6 -7 -4 -6 -2 -11 6 -17 6 -23 16 -28 14 -28 18 -28 14 -28 19 -23 15 -19 12 -18 13 -14 8 -9 6 -5 6 3 2 6 7 14 11 18 6 24 12 22 12 21 16 29 19 27
CSI_DATA: 30 -32 1 0 -17 18 -18 21 -17 19 -16 21 -16 15 -13 17 -18 8 -16 11 -17 4 -16 8 -20 -2 -21 -4 -21 -1 -21 0 -24 0 -25 -1 -24 2 -21 2 -19 3 -13 4 -16 4 -9 2 -4 -1 -4 -3 1 -4 0 0 0 0 0 0 0 0 0 0 0 0 0 0 0 0 0 0 0 0 0 0 15 -3 15 -1 15 0 12 0 8 -3 8 3 2 1 2 4 -1 11 -3 15 -2 15 -8 17 -1 25 -2 25 4 28 3 23 9 28 9 27 11 24 10 19 9 18 9 15 7 13 3 19 3 16 -1 16
CSI_DATA: 41 -111 18 0 5 22 1 19 8 12 4 6 2 2 -2 -3 -5 -12 -10 -16 -9 -19 -12 -23 -20 -27 -24 -27 -27 -33 -19 -26 -25 -29 -18 -25 -18 -27 -16 -17 -14 -18 -11 -12 -3 -9 -3 0 3 7 4 10 10 11 0 0 0 0 0 0 0 0 0 0 0 0 0 0 0 0 0 0 0 0 0 0 -5 8 -6 3 -5 -5 -4 -6 1 -10 2 -17 6 -23 8 -25 9 -26 12 -21 14 -29 13 -25 12 -19 8 -15 3 -8 4 -6 0 -1 0 4 0 13 1 16 -4 20 3 19 3 23 3 28 0 27 5 30
CSI_DATA: 23 113 17 0 -7 19 -7 17 -6 11 -3 7 -3 3 -1 -3 7 -10 4 -22 12 -24 5 -27 4 -28 4 -28 6 -36 2 -34 2 -35 3 -35 8 -30 1 -27 4 -20 -1 -13 -1 -8 -2 1 0 6 -1 11 -5 16 0 0 0 0 0 0 0 0 0 0 0 0 0 0 0 0 0 0 0 0 0 0 -7 3 -5 1 -2 -4 2 -7 5 -8 11 -10 15 -15 19 -14 23 -11 22 -14 23 -11 21 -11 24 -8 17 -5 10 0 9 0 4 4 -2 2 -6 4 -9 11 -16 11 -14 15 -17 19 -22 22 -20 26 -16 23
CSI_DATA: 41 -111 18 0 -9 -22 -4 -16 -2 -20 -4 -6 -5 -2 3 1 2 6 9 14 11 15 16 20 20 17 32 25 32 28 28 23 33 19 32 18 27 20 24 15 24 9 16 11 8 10 3 2 -6 3 -10 -2 -18 -7 0 0 0 0 0 0 0 0 0 0 0 0 0 0 0 0 0 0 0 0 0 0 8 -1 5 -1 1 5 -7 10 -8 14 -16 12 -23 15 -21 17 -28 14 -26 14 -27 15 -22 17 -28 6 -18 5 -12 6 -8 5 0 -1 -2 -4 2 -2 -2 -13 6 -15 5 -22 0 -20 3 -27 1 -33 4 -35
CSI_DATA: 23 113 17 0 20 -14 12 -13 12 -8 9 -9 -2 -2 2 -1 -5 10 -8 7 -11 17 -13 21 -10 30 -8 32 -13 42 -11 32 -10 39 -7 33 -9 36 -5 29 -7 22 -11 14 -4 13 -2 1 -4 -2 -5 -10 -5 -19 0 0 0 0 0 0 0 0 0 0 0 0 0 0 0 0 0 0 0 0 0 0 5 2 4 6 -6 3 -10 2 -14 3 -19 -1 -25 -3 -27 -10 -31 -8 -25 -6 -25 -11 -27 -9 -22 -10 -18 -7 -13 -5 -7 -4 1 -5 0 -1 9 -4 11 -3 14 -2 18 -8 18 -9 24 -8 25 -14 23 -14
CSI_DATA: 80 0 5 0 19 18 14 8 14 6 5 3 6 -1 3 -5 -6 -10 -8 -16 -19 -17 -24 -20 -28 -18 -32 -21 -32 -29 -28 -21 -31 -25 -28 -25 -27 -25 -20 -21 -18 -19 -13 -13 -8 -6 -2 -5 1 1 3 5 3 14 0 0 0 0 0 0 0 0 0 0 0 0 0 0 0 0 0 0 0 0 0 0 2 2 0 1 -2 0 -11 -3 -13 -5 -12 -13 -13 -15 -21 -19 -16 -22 -15 -20 -11 -20 -13 -15 -5 -17 -7 -13 -4 -10 -4 -8 0 -1 2 3 0 6 3 10 11 10 11 18 13 19 14 17 20 20 24 22
CSI_DATA: 15 -14 32 0 -12 23 -12 23 -11 22 -11 21 -9 19 -8 16 -6 14 -4 11 -1 8 1 6 4 4 6 2 9 0 10 -1 12 -2 12 -1 14 -1 14 0 13 0 13 1 12 2 11 2 9 2 8 2 6 1 0 0 0 0 0 0 0 0 0 0 0 0 0 0 0 0 0 0 0 0 0 0 10 -8 10 -6 8 -3 6 -2 4 -1 0 -2 -3 -3 -5 -5 -8 -7 -10 -11 -11 -15 -11 -18 -11 -19 -10 -21 -9 -22 -9 -22 -8 -20 -6 -18 -6 -15 -6 -11 -5 -8 -5 -3 -6 2 -7 7 -7 12 -9 16
CSI_DATA: 23 113 17 0 2 23 3 17 4 15 6 5 1 3 5 -4 3 -12 5 -19 6 -20 7 -28 11 -31 10 -34 9 -36 11 -33 10 -38 8 -35 11 -29 9 -27 5 -24 2 -18 -1 -12 -1 -6 -7 -3 -9 2 -15 4 0 0 0 0 0 0 0 0 0 0 0 0 0 0 0 0 0 0 0 0 0 0 4 1 0 5 -2 -1 -7 -1 -13 -4 -18 -9 -18 -15 -18 -23 -20 -21 -14 -22 -11 -25 -14 -24 -5 -23 -7 -17 -3 -14 -2 -8 -2 -4 -1 5 -2 8 0 17 2 21 0 25 0 22 5 26 1 31 6 32
CSI_DATA: 26 -95 17 0 5 -26 6 -23 2 -15 3 -8 0 -2 -6 4 -5 10 -10 16 -8 25 -10 30 -11 34 -8 37 -11 40 -11 36 -10 35 -9 32 -5 28 -6 21 -7 20 -1 11 -1 5 6 -1 4 -7 8 -11 13 -12 0 0 0 0 0 0 0 0 0 0 0 0 0 0 0 0 0 0 0 0 0 0 2 -2 2 0 2 3 2 11 -3 14 -5 17 -8 19 -12 20 -13 24 -14 22 -16 19 -17 18 -16 18 -10 13 -9 5 -4 4 -1 -1 5 -4 5 -10 8 -16 9 -18 12 -24 10 -19 11 -26 11 -29 14 -27
CSI_DATA: 8 -127 16 0 25 9 16 8 14 2 7 0 3 -4 -5 -2 -12 -9 -18 -10 -24 -13 -31 -16 -35 -17 -33 -12 -37 -16 -32 -14 -36 -16 -33 -15 -31 -13 -24 -10 -17 -9 -10 -3 -6 -1 -3 2 3 6 7 9 12 15 0 0 0 0 0 0 0 0 0 0 0 0 0 0 0 0 0 0 0 0 0 0 2 5 0 2 -6 1 -11 -1 -14 -3 -18 -7 -22 -8 -25 -13 -26 -16 -21 -15 -20 -17 -19 -19 -17 -18 -12 -14 -4 -8 -5 -9 -1 -2 4 3 7 4 13 9 18 13 21 15 21 14 24 16 28 17 24 16
CSI_DATA: 41 -111 18 0 -7 9 2 12 -2 10 0 5 -1 2 -2 1 0 -3 3 -8 5 -7 1 -9 1 -8 4 -11 7 -15 5 -13 3 -17 5 -14 5 -11 6 -13 6 -7 1 -4 -3 -6 1 -1 -1 -3 -1 0 -4 2 0 0 0 0 0 0 0 0 0 0 0 0 0 0 0 0 0 0 0 0 0 0 -1 3 1 -1 -1 -1 -1 1 -1 -4 -4 -4 1 -13 -2 -12 1 -11 5 -8 4 -14 3 -10 5 -9 2 -10 3 -2 -4 0 2 -1 -2 1 -6 0 -5 7 -6 8 -4 8 -3 7 -6 11 -7 13 -5 10
CSI_DATA: 23 113 17 0 -17 22 -15 22 -11 16 -6 13 -3 9 -1 6 5 -1 8 -7 13 -13 17 -18 21 -21 23 -20 23 -25 24 -22 22 -21 23 -20 25 -18 19 -15 19 -12 12 -11 9 -9 4 -1 0 0 -6 3 -12 4 0 0 0 0 0 0 0 0 0 0 0 0 0 0 0 0 0 0 0 0 0 0 -2 8 -1 3 -3 -1 0 -8 1 -14 4 -18 8 -22 10 -25 14 -26 18 -25 18 -21 23 -20 19 -18 13 -18 7 -11 8 -6 -2 -6 -7 -5 -9 3 -13 6 -17 8 -18 14 -18 16 -20 18 -23 23 -19 21
CSI_DATA: 26 -95 17 0 -31 0 -27 0 -22 4 -16 4 -14 8 -8 7 -3 10 2 14 3 15 11 20 15 23 17 24 19 28 19 28 15 29 14 35 13 32 8 28 5 26 3 23 4 15 4 8 2 6 5 -2 7 -5 0 0 0 0 0 0 0 0 0 0 0 0 0 0 0 0 0 0 0 0 0 0 7 1 2 -2 0 -7 -1 -10 -3 -16 -1 -21 3 -28 7 -31 7 -34 10 -28 16 -30 16 -25 17 -25 9 -17 5 -13 6 -9 -2 -8 -8 -8 -13 -6 -19 -5 -23 -6 -27 -6 -25 -4 -30 -2 -32 0 -29 -3
CSI_DATA: 8 -127 16 0 4 -28 2 -26 3 -21 1 -16 -7 -11 -7 -10 -11 -4 -18 1 -22 3 -24 6 -27 8 -33 10 -35 9 -37 9 -31 9 -36 5 -33 5 -31 4 -25 3 -23 -1 -16 4 -10 2 -5 2 0 7 3 8 0 0 0 0 0 0 0 0 0 0 0 0 0 0 0 0 0 0 0 0 0 0 -3 8 -1 3 5 4 11 0 16 3 22 2 26 7 30 13 29 14 24 19 26 21 23 20 18 22 12 14 12 8 8 2 6 0 8 -7 6 -11 5 -14 10 -23 9 -26 5 -22 6 -26 11 -34 8 -29
CSI_DATA: 41 -111 18 0 2 -8 -4 -9 2 -8 1 -2 -4 5 -2 1 1 6 -3 8 -1 7 -3 9 -4 10 -3 14 -3 8 1 10 -3 15 -5 10 -1 7 5 10 1 8 -2 3 1 3 0 1 0 -3 0 -1 4 -8 0 0 0 0 0 0 0 0 0 0 0 0 0 0 0 0 0 0 0 0 0 0 2 -1 1 1 1 1 -1 3 -6 3 -6 9 -10 7 -8 9 -10 7 -12 6 -12 6 -6 4 -7 3 -9 5 0 -2 -2 0 0 -2 3 -1 6 -9 6 -4 11 -9 12 -7 8 -8 8 -13 9 -17 5 -13
CSI_DATA: 23 113 17 0 14 -14 13 -13 5 -9 2 -8 -6 -5 -8 -7 -13 -2 -22 1 -23 3 -26 7 -30 7 -27 8 -29 9 -28 11 -30 7 -27 5 -25 6 -21 6 -19 7 -13 5 -10 2 -3 3 3 4 5 3 8 3 0 0 0 0 0 0 0 0 0 0 0 0 0 0 0 0 0 0 0 0 0 0 3 -5 1 2 2 7 3 11 -1 16 -5 21 -7 24 -12 28 -16 24 -14 22 -18 23 -20 19 -19 14 -14 9 -9 5 -4 0 1 -4 6 -4 13 -6 15 -10 18 -14 22 -11 22 -12 24 -15 27 -17 26 -19
CSI_DATA: 80 0 5 0 -2 23 2 15 8 13 6 7 8 -5 11 -7 11 -11 14 -16 18 -20 16 -25 19 -29 15 -31 21 -35 16 -31 17 -31 18 -31 16 -26 12 -23 12 -22 7 -14 7 -13 1 -6 -6 -1 -9 -3 -13 3 0 0 0 0 0 0 0 0 0 0 0 0 0 0 0 0 0 0 0 0 0 0 1 2 -2 3 -8 0 -11 -2 -16 -4 -19 -7 -25 -11 -26 -14 -24 -15 -20 -16 -19 -22 -15 -21 -11 -18 -6 -11 -3 -6 -5 0 -4 0 -1 6 -2 15 2 19 3 22 3 25 1 30 3 28 -2 32 3 30
CSI_DATA: 28 -64 1 0 31 -4 30 -5 29 -5 28 -3 29 -4 27 -5 26 -4 24 -5 26 -5 25 -5 25 -6 22 -5 23 -5 22 -6 23 -4 23 -6 20 -4 19 -4 16 -3 16 -3 16 -4 16 -3 16 -2 13 -3 12 -2 0 0 0 0 0 0 0 0 0 0 0 0 0 0 0 0 0 0 0 0 0 0 12 -7 12 -6 14 -7 15 -8 14 -4 16 -7 18 -8 17 -5 19 -4 22 -5 23 -5 25 -6 24 -6 25 -5 26 -4 29 -5 26 -5 27 -3 28 -3 30 -4 29 -2 30 -5 28 -3 33 -5 31 -7 31 -4
CSI_DATA: 8 -127 16 0 -16 20 -9 13 -7 11 -1 11 6 3 10 4 11 -5 15 -8 22 -13 29 -17 28 -21 27 -20 30 -25 26 -25 33 -24 27 -24 24 -22 25 -20 19 -19 13 -14 8 -10 4 -6 -5 -1 -11 0 -18 -1 0 0 0 0 0 0 0 0 0 0 0 0 0 0 0 0 0 0 0 0 0 0 -2 6 -1 3 -4 -3 -1 -11 0 -18 0 -21 5 -25 7 -28 9 -29 12 -30 16 -30 17 -25 16 -23 14 -17 9 -13 9 -4 4 0 -3 2 -7 3 -8 12 -15 17 -20 18 -18 20 -19 22 -22 20 -21 24
CSI_DATA: 41 -111 18 0 6 -22 5 -14 4 -14 -2 -5 -3 5 -10 9 -6 11 -9 27 -9 24 -4 35 -3 35 -5 33 2 40 4 35 6 36 4 35 8 29 4 25 5 25 1 16 1 8 2 1 -3 -5 -2 -9 0 -17 0 0 0 0 0 0 0 0 0 0 0 0 0 0 0 0 0 0 0 0 0 0 9 -4 3 3 0 5 -7 12 -11 16 -17 16 -21 20 -22 20 -27 19 -26 11 -32 14 -25 10 -26 8 -21 5 -15 1 -9 -1 -5 -5 6 -5 5 -9 10 -16 10 -23 14 -24 13 -23 17 -27 19 -30 17 -30
CSI_DATA: 28 -64 1 0 23 13 23 14 21 12 20 11 21 11 21 10 21 9 18 9 19 9 21 8 19 7 17 8 19 7 17 6 17 7 18 7 16 6 15 6 13 6 13 5 13 4 11 5 11 5 9 4 8 4 0 0 0 0 0 0 0 0 0 0 0 0 0 0 0 0 0 0 0 0 0 0 11 2 11 3 13 3 14 3 14 5 15 6 16 7 15 7 17 8 18 9 20 11 21 12 20 11 21 12 21 13 21 13 21 15 19 14 20 14 22 13 21 14 22 15 19 15 23 14 24 14 23 14
CSI_DATA: 41 -111 18 0 -14 -10 -11 -3 -8 0 -4 4 1 6 4 11 11 18 16 14 18 21 23 21 22 22 25 20 29 22 28 14 31 17 29 11 25 10 24 8 21 9 14 5 8 -1 1 -3 -1 -4 -10 -8 -14 -11 0 0 0 0 0 0 0 0 0 0 0 0 0 0 0 0 0 0 0 0 0 0 3 -3 8 -1 12 4 17 10 19 15 17 18 19 26 19 22 15 33 10 29 9 29 7 25 2 21 -1 12 -1 8 -2 0 -8 -4 -8 -11 -6 -18 -8 -21 -8 -21 -12 -24 -12 -27 -16 -24 -15 -25 -16 -26
CSI_DATA: 23 113 17 0 2 -20 1 -11 -3 -11 -6 -4 -10 2 -9 10 -13 10 -14 17 -12 21 -15 24 -12 30 -8 26 -13 32 -9 29 -8 29 -12 22 -7 23 -5 21 -2 18 -3 11 0 5 1 2 5 -5 6 -6 9 -12 0 0 0 0 0 0 0 0 0 0 0 0 0 0 0 0 0 0 0 0 0 0 1 -4 7 1 8 6 8 14 10 19 12 19 5 26 2 27 2 26 -4 26 -2 27 -7 20 -6 19 -5 11 -4 4 -5 -2 0 -4 3 -13 3 -16 6 -20 9 -21 6 -24 7 -21 11 -28 9 -23 7 -27
CSI_DATA: 19 49 17 0 21 -14 18 -11 15 -11 7 -10 2 -10 -5 -6 -12 -2 -21 6 -21 4 -29 11 -29 14 -36 20 -38 19 -36 15 -39 15 -34 16 -34 15 -27 13 -28 8 -18 3 -11 5 -4 1 1 -2 9 -3 16 -5 0 0 0 0 0 0 0 0 0 0 0 0 0 0 0 0 0 0 0 0 0 0 9 -2 2 0 1 6 -6 8 -11 8 -15 9 -23 9 -28 8 -29 8 -28 4 -29 2 -31 0 -23 1 -18 0 -10 -1 -9 -3 -4 0 3 -4 8 -3 16 -2 20 -4 25 -4 25 -7 25 -10 30 -14 29 -11
CSI_DATA: 26 -95 17 0 20 12 15 7 11 2 6 -3 4 -4 -1 -9 -8 -12 -10 -17 -15 -17 -20 -24 -27 -23 -24 -24 -30 -28 -28 -26 -25 -24 -28 -25 -24 -23 -19 -18 -18 -18 -11 -13 -10 -6 -3 -2 1 2 0 7 2 13 0 0 0 0 0 0 0 0 0 0 0 0 0 0 0 0 0 0 0 0 0 0 4 2 -2 1 -7 1 -12 0 -16 -1 -23 -2 -26 -8 -27 -13 -30 -13 -26 -15 -22 -21 -21 -21 -20 -16 -11 -14 -6 -9 -4 -4 1 -3 4 1 7 9 14 15 21 16 22 18 19 17 23 20 25 23 24 19
CSI_DATA: 8 -127 16 0 15 16 10 13 9 7 6 -1 3 -4 -1 -10 -6 -17 -10 -16 -13 -21 -14 -24 -22 -26 -22 -26 -29 -30 -25 -26 -24 -28 -24 -25 -24 -22 -18 -20 -18 -16 -14 -11 -8 -6 -3 -1 -1 2 0 9 3 12 0 0 0 0 0 0 0 0 0 0 0 0 0 0 0 0 0 0 0 0 0 0 1 2 -4 -1 -7 -2 -12 -6 -13 -12 -15 -18 -19 -20 -16 -26 -19 -26 -17 -27 -13 -30 -10 -28 -8 -23 -4 -16 -1 -11 -1 -6 3 -2 5 6 3 11 5 16 13 22 12 25 11 23 14 27 18 29 16 29
CSI_DATA: 26 -95 17 0 -16 19 -13 15 -9 13 -5 7 0 -2 7 -5 9 -8 12 -16 12 -18 14 -24 15 -28 12 -33 16 -33 13 -31 16 -32 11 -28 13 -29 10 -26 10 -20 2 -11 4 -9 1 -4 -3 1 -8 8 -9 12 0 0 0 0 0 0 0 0 0 0 0 0 0 0 0 0 0 0 0 0 0 0 -4 1 -1 0 -1 -2 3 -9 9 -17 9 -16 19 -21 23 -21 24 -23 19 -22 28 -21 26 -21 24 -16 19 -12 11 -6 9 -7 1 -3 -1 3 -3 2 -13 11 -15 13 -21 19 -17 19 -27 25 -26 23 -28 26
CSI_DATA: 41 -111 18 0 11 21 9 12 4 6 1 -5 3 -5 -4 -10 -2 -15 -7 -23 -13 -28 -10 -32 -15 -34 -10 -35 -21 -34 -17 -34 -20 -37 -15 -35 -13 -33 -11 -27 -9 -24 -3 -13 -7 -5 1 0 -3 7 -3 15 1 19 0 0 0 0 0 0 0 0 0 0 0 0 0 0 0 0 0 0 0 0 0 0 6 0 -2 -3 -2 -3 -9 -3 -12 -11 -13 -18 -17 -21 -19 -25 -16 -29 -9 -28 -14 -31 -10 -26 -7 -24 -8 -18 -1 -14 -1 -12 0 1 1 3 2 9 4 11 6 19 13 22 10 21 7 24 14 29 15 25
CSI_DATA: 26 -95 17 0 3 17 6 13 5 3 1 -2 3 -6 1 -12 -2 -17 -3 -24 -5 -29 -7 -28 -10 -32 -11 -37 -14 -37 -16 -31 -16 -31 -15 -32 -19 -25 -14 -24 -12 -21 -8 -10 -7 -7 -6 0 -2 3 2 11 1 17 0 0 0 0 0 0 0 0 0 0 0 0 0 0 0 0 0 0 0 0 0 0 -1 2 -5 0 -6 -3 -9 -8 -6 -15 -4 -20 -2 -27 2 -29 5 -32 4 -25 4 -28 4 -25 10 -22 11 -17 5 -7 3 -6 3 2 3 8 1 10 2 15 1 24 4 22 3 23 2 29 2 28 4 29
CSI_DATA: 41 -111 18 0 -26 3 -18 1 -15 1 -7 2 4 1 9 -5 14 -6 20 -11 20 -16 29 -21 26 -20 22 -21 26 -28 27 -24 25 -29 23 -26 19 -29 13 -19 11 -19 9 -12 8 -7 4 -3 1 7 -6 9 -7 15 0 0 0 0 0 0 0 0 0 0 0 0 0 0 0 0 0 0 0 0 0 0 -2 -6 -3 -7 5 -4 7 3 14 3 19 11 23 17 26 23 26 23 23 22 24 27 18 25 20 24 15 11 3 10 4 7 0 1 -7 -2 -13 -1 -20 -3 -21 -3 -27 -5 -23 -5 -29 -4 -32 -2 -28 -4
CSI_DATA: 23 113 17 0 -15 -17 -10 -14 -8 -8 -3 -4 2 1 7 0 11 4 16 6 23 7 27 4 31 1 26 2 36 0 30 0 35 0 30 -4 29 -6 26 -2 23 -3 13 -3 5 1 1 2 -4 3 -8 1 -14 6 0 0 0 0 0 0 0 0 0 0 0 0 0 0 0 0 0 0 0 0 0 0 2 -5 0 -4 3 0 5 10 3 12 1 19 0 23 2 27 -3 31 -4 26 -2 31 -2 32 -6 27 -5 23 -3 14 -3 10 -4 1 -6 -1 -3 -10 -10 -15 -6 -17 -11 -24 -13 -17 -16 -24 -16 -24 -19 -26
CSI_DATA: -83 -48 10 0 25 1 20 0 18 1 8 -5 2 -2 -5 -1 -11 -1 -16 1 -25 5 -32 2 -34 10 -36 8 -38 9 -34 7 -35 10 -31 12 -34 9 -26 7 -19 5 -15 4 -8 0 -4 -1 1 -2 8 -6 11 -4 0 0 0 0 0 0 0 0 0 0 0 0 0 0 0 0 0 0 0 0 0 0 10 1 4 1 -3 0 -11 -2 -13 -4 -18 -7 -25 -9 -28 -14 -28 -16 -28 -14 -26 -20 -29 -20 -26 -15 -19 -13 -15 -11 -11 -6 -7 -5 2 -2 6 -1 8 2 17 1 20 5 24 4 26 4 29 6 26 5
CSI_DATA: 41 -111 18 0 -22 -16 -15 -8 -10 -7 -4 -3 2 2 4 12 10 15 13 15 18 14 26 15 26 21 32 17 37 15 33 15 33 12 32 10 31 10 24 10 24 8 17 6 10 4 7 3 0 -2 -8 -2 -11 -8 0 0 0 0 0 0 0 0 0 0 0 0 0 0 0 0 0 0 0 0 0 0 1 -4 3 -7 5 -1 11 4 14 8 16 11 13 15 14 18 15 28 10 22 12 25 4 22 1 20 2 13 -1 11 -3 6 -1 1 -2 -5 -11 -8 -9 -14 -13 -18 -14 -19 -16 -19 -20 -17 -23 -23 -23 -23
