CSI_DATA: 28 -64 1 0 -21 26 -20 26 -17 26 -16 25 -14 24 -13 22 -12 21 -12 20 -12 19 -12 19 -13 18 -12 17 -13 18 -12 18 -13 17 -13 17 -13 17 -12 17 -12 16 -11 14 -11 13 -11 11 -11 10 -12 8 -13 5 0 0 0 0 0 0 0 0 0 0 0 0 0 0 0 0 0 0 0 0 0 0 -4 17 -6 17 -8 16 -9 16 -10 15 -12 15 -13 15 -14 14 -15 14 -17 13 -18 13 -20 14 -20 13 -21 14 -21 14 -22 15 -22 16 -22 17 -22 17 -22 18 -23 19 -23 20 -24 22 -25 22 -25 23 -25 26
CSI_DATA: 28 -64 1 0 15 29 15 28 15 27 15 24 15 23 14 21 14 20 13 20 12 19 12 19 12 18 11 18 11 18 11 19 11 18 11 18 11 18 10 17 9 16 8 16 7 15 6 14 4 14 2 13 -1 13 0 0 0 0 0 0 0 0 0 0 0 0 0 0 0 0 0 0 0 0 0 0 13 11 11 13 11 14 9 15 9 16 8 16 7 18 6 18 5 19 5 20 4 21 3 22 3 23 3 24 3 24 3 26 3 26 4 27 5 27 6 28 7 29 8 29 9 31 11 32 12 32 12 33
CSI_DATA: 28 -64 1 0 -33 -5 -33 -4 -32 -3 -31 -2 -31 -1 -29 0 -28 1 -27 2 -25 2 -24 2 -23 2 -22 1 -22 1 -21 0 -20 -1 -21 -2 -20 -2 -20 -3 -20 -3 -19 -3 -19 -4 -18 -5 -17 -6 -16 -6 -14 -8 0 0 0 0 0 0 0 0 0 0 0 0 0 0 0 0 0 0 0 0 0 0 -16 4 -17 2 -18 0 -19 -1 -19 -2 -20 -3 -20 -4 -21 -4 -21 -5 -21 -7 -21 -8 -22 -8 -22 -9 -23 -10 -23 -11 -24 -10 -25 -10 -26 -11 -28 -10 -29 -9 -30 -9 -31 -8 -31 -7 -32 -7 -33 -7 -34 -6
CSI_DATA: 28 -64 1 0 30 24 30 23 30 21 30 20 30 19 29 17 29 15 27 14 26 12 25 11 24 10 23 10 22 11 20 11 19 12 19 13 18 14 17 14 16 15 15 15 15 15 14 15 13 16 11 16 9 17 0 0 0 0 0 0 0 0 0 0 0 0 0 0 0 0 0 0 0 0 0 0 20 4 19 7 19 9 19 11 19 12 18 13 18 15 18 16 18 17 17 18 18 20 17 21 17 22 17 23 17 24 18 25 19 25 20 25 22 26 23 26 24 26 26 26 27 26 29 26 30 26 30 26
CSI_DATA: 28 -64 1 0 23 -32 22 -31 20 -32 19 -31 17 -31 15 -31 13 -30 12 -30 11 -28 10 -27 9 -25 9 -24 10 -23 11 -22 11 -22 12 -21 13 -20 13 -20 13 -19 13 -18 13 -17 13 -16 14 -15 14 -13 15 -11 0 0 0 0 0 0 0 0 0 0 0 0 0 0 0 0 0 0 0 0 0 0 4 -20 7 -20 9 -20 11 -19 12 -19 14 -19 15 -19 16 -19 17 -19 19 -18 20 -19 21 -18 22 -18 23 -18 23 -18 25 -19 25 -20 26 -22 25 -23 25 -24 25 -26 25 -27 25 -29 25 -29 25 -31 26 -32
CSI_DATA: 28 -64 1 0 8 -30 7 -28 7 -27 7 -26 6 -25 5 -24 5 -23 5 -23 5 -23 4 -23 4 -22 3 -21 3 -21 3 -21 3 -21 3 -19 3 -19 3 -18 4 -17 4 -16 5 -15 6 -14 7 -12 8 -11 9 -10 0 0 0 0 0 0 0 0 0 0 0 0 0 0 0 0 0 0 0 0 0 0 -1 -17 1 -17 2 -17 3 -18 4 -17 6 -18 6 -18 7 -18 8 -18 9 -18 11 -18 11 -18 12 -18 13 -18 13 -19 14 -19 14 -20 15 -21 15 -22 15 -24 14 -25 14 -27 14 -29 13 -30 12 -31 12 -32
CSI_DATA: 28 -64 1 0 12 -37 8 -37 5 -36 2 -33 0 -29 -1 -26 -1 -22 1 -19 4 -17 6 -16 9 -16 11 -16 12 -18 13 -19 13 -20 12 -21 11 -21 10 -21 9 -19 8 -18 7 -15 7 -12 7 -10 8 -6 9 -3 0 0 0 0 0 0 0 0 0 0 0 0 0 0 0 0 0 0 0 0 0 0 -16 -11 -14 -12 -12 -12 -10 -12 -7 -12 -4 -13 -2 -14 1 -16 4 -18 5 -20 7 -23 8 -25 8 -27 7 -29 5 -30 3 -30 1 -30 0 -28 0 -26 0 -24 2 -22 5 -22 9 -22 12 -24 15 -27 17 -32
CSI_DATA: 28 -64 1 0 -13 -39 -16 -36 -17 -34 -18 -29 -17 -25 -16 -22 -13 -19 -10 -17 -7 -18 -5 -18 -4 -20 -3 -21 -2 -22 -3 -25 -4 -25 -5 -26 -5 -25 -6 -23 -6 -22 -5 -19 -5 -17 -3 -15 0 -13 2 -11 5 -9 0 0 0 0 0 0 0 0 0 0 0 0 0 0 0 0 0 0 0 0 0 0 -20 -4 -18 -6 -17 -7 -15 -8 -13 -9 -10 -11 -8 -13 -7 -16 -6 -19 -5 -22 -5 -25 -6 -28 -7 -29 -9 -30 -11 -29 -13 -29 -14 -27 -14 -26 -13 -24 -12 -23 -9 -22 -7 -24 -5 -27 -4 -29 -4 -33 -4 -37
CSI_DATA: 28 -64 1 0 34 -17 31 -19 28 -21 24 -21 20 -21 17 -18 14 -15 13 -12 12 -9 13 -6 15 -3 17 -2 19 -2 21 -2 22 -3 23 -3 23 -4 22 -5 20 -5 18 -5 16 -4 13 -2 11 0 9 2 7 5 0 0 0 0 0 0 0 0 0 0 0 0 0 0 0 0 0 0 0 0 0 0 -7 -18 -5 -18 -4 -16 -1 -15 1 -14 3 -13 6 -11 9 -11 13 -11 16 -11 19 -12 22 -13 23 -15 24 -17 23 -19 22 -20 19 -21 17 -21 16 -19 14 -16 15 -14 16 -12 19 -9 23 -7 28 -7 31 -9
CSI_DATA: 28 -64 1 0 -24 9 -23 6 -23 4 -23 3 -24 2 -26 2 -27 2 -27 4 -27 6 -26 7 -25 9 -23 9 -21 9 -19 9 -17 8 -15 6 -14 4 -13 2 -13 0 -13 -3 -13 -5 -13 -7 -14 -8 -14 -10 -14 -11 0 0 0 0 0 0 0 0 0 0 0 0 0 0 0 0 0 0 0 0 0 0 -11 12 -13 12 -15 12 -17 12 -18 12 -19 13 -19 13 -19 13 -19 13 -19 11 -18 10 -18 9 -18 6 -19 3 -19 1 -22 0 -24 -1 -27 -1 -30 -1 -32 1 -34 4 -35 7 -36 10 -35 12 -33 14 -31 14
CSI_DATA: 28 -64 1 0 26 3 23 5 21 6 20 9 20 10 21 11 22 12 23 12 24 11 25 9 25 7 24 6 23 5 21 3 19 3 17 4 14 4 12 5 10 7 9 8 7 10 6 12 5 14 4 15 2 16 0 0 0 0 0 0 0 0 0 0 0 0 0 0 0 0 0 0 0 0 0 0 14 -7 16 -5 19 -5 20 -4 22 -4 22 -4 23 -4 23 -4 23 -4 22 -3 21 -2 20 -1 18 1 17 3 17 6 17 9 18 12 21 13 24 15 27 15 31 14 34 13 36 11 37 8 37 6 36 4
CSI_DATA: 28 -64 1 0 -11 -25 -8 -23 -5 -22 -3 -22 -2 -23 -1 -25 -1 -26 -2 -27 -3 -28 -5 -28 -7 -26 -8 -25 -8 -23 -8 -21 -7 -19 -6 -17 -4 -16 -1 -15 1 -14 3 -13 5 -13 6 -13 8 -13 11 -12 13 -12 0 0 0 0 0 0 0 0 0 0 0 0 0 0 0 0 0 0 0 0 0 0 -13 -10 -13 -13 -13 -16 -13 -17 -14 -18 -14 -20 -14 -20 -15 -20 -14 -20 -14 -19 -12 -18 -11 -18 -9 -17 -6 -18 -3 -19 -1 -21 1 -23 2 -26 1 -29 0 -32 -3 -35 -6 -37 -9 -37 -12 -37 -14 -36 -15 -34
CSI_DATA: 28 -64 1 0 8 -21 10 -18 11 -16 14 -15 16 -15 17 -15 18 -17 18 -19 17 -20 15 -21 13 -22 12 -21 10 -21 9 -19 8 -17 7 -14 7 -12 8 -10 8 -7 9 -5 10 -3 12 -1 13 0 14 2 15 3 0 0 0 0 0 0 0 0 0 0 0 0 0 0 0 0 0 0 0 0 0 0 -5 -16 -3 -18 -2 -19 -1 -21 0 -21 0 -22 0 -22 0 -22 0 -22 1 -20 2 -20 3 -18 5 -16 8 -15 10 -15 13 -15 16 -16 18 -18 19 -21 20 -23 19 -26 19 -29 17 -31 14 -32 12 -32 11 -32
CSI_DATA: 28 -64 1 0 24 18 27 21 30 19 33 19 33 16 33 13 32 9 29 6 25 4 22 3 17 3 13 4 8 7 5 9 2 12 0 15 -1 18 -2 20 -2 21 -2 23 -2 22 -2 22 -2 21 -3 19 -4 17 0 0 0 0 0 0 0 0 0 0 0 0 0 0 0 0 0 0 0 0 0 0 -7 -20 -5 -21 -3 -21 -2 -20 -1 -18 1 -17 2 -15 4 -13 7 -10 10 -7 14 -5 18 -3 22 -2 25 -2 29 -3 31 -4 33 -6 32 -9 33 -11 30 -12 28 -13 25 -12 21 -10 20 -6 18 0 18 5
CSI_DATA: 28 -64 1 0 21 37 24 33 24 29 23 24 20 19 16 15 11 12 6 11 1 11 -4 13 -7 15 -9 17 -11 20 -11 22 -11 24 -10 25 -9 25 -8 23 -7 21 -6 18 -6 15 -6 11 -6 8 -7 3 -8 -1 0 0 0 0 0 0 0 0 0 0 0 0 0 0 0 0 0 0 0 0 0 0 2 -18 4 -15 5 -12 7 -9 8 -6 10 -2 13 2 15 5 18 7 21 9 24 11 27 12 29 10 29 10 29 7 28 6 26 4 22 4 18 4 15 7 11 10 8 15 6 21 7 27 9 33 11 38
CSI_DATA: 28 -64 1 0 -6 -42 -9 -42 -12 -41 -15 -37 -17 -33 -17 -29 -17 -25 -15 -21 -12 -19 -8 -17 -5 -16 -2 -16 1 -17 4 -19 5 -20 6 -22 7 -23 7 -24 6 -23 6 -23 6 -22 6 -20 6 -18 7 -15 7 -13 0 0 0 0 0 0 0 0 0 0 0 0 0 0 0 0 0 0 0 0 0 0 -19 5 -18 2 -17 0 -15 -2 -13 -5 -11 -8 -10 -11 -9 -15 -9 -18 -9 -22 -9 -25 -11 -28 -13 -30 -15 -30 -17 -29 -19 -29 -20 -27 -20 -24 -19 -22 -17 -20 -14 -19 -11 -20 -7 -22 -4 -25 -2 -29 0 -34
CSI_DATA: 28 -64 1 0 -28 -9 -26 -11 -24 -12 -24 -14 -25 -16 -26 -16 -28 -16 -29 -15 -29 -13 -30 -11 -30 -8 -28 -7 -26 -6 -24 -5 -21 -5 -18 -6 -16 -7 -14 -9 -12 -11 -11 -13 -10 -15 -9 -17 -9 -18 -7 -19 -6 -20 0 0 0 0 0 0 0 0 0 0 0 0 0 0 0 0 0 0 0 0 0 0 -17 4 -19 2 -21 0 -23 -1 -24 -2 -24 -2 -25 -2 -25 -3 -25 -3 -24 -3 -24 -4 -22 -6 -21 -7 -19 -10 -19 -12 -20 -15 -21 -17 -23 -19 -27 -21 -30 -21 -34 -20 -37 -18 -39 -15 -40 -13 -39 -10 -38 -8
CSI_DATA: 28 -64 1 0 -35 22 -32 24 -29 26 -25 26 -21 25 -18 23 -15 21 -14 18 -14 15 -15 13 -16 11 -18 10 -19 9 -21 10 -21 10 -22 10 -22 11 -21 11 -20 11 -19 10 -18 8 -16 7 -15 5 -15 2 -14 -1 0 0 0 0 0 0 0 0 0 0 0 0 0 0 0 0 0 0 0 0 0 0 1 19 -1 18 -3 16 -5 15 -7 13 -9 12 -11 11 -15 10 -18 10 -20 10 -23 11 -26 13 -27 14 -27 16 -26 18 -26 20 -23 21 -21 21 -19 19 -18 18 -19 16 -20 14 -23 13 -26 12 -30 12 -33 14
CSI_DATA: 28 -64 1 0 -28 -25 -26 -22 -24 -20 -22 -18 -20 -18 -18 -17 -17 -18 -17 -19 -17 -19 -17 -20 -19 -19 -20 -19 -20 -18 -20 -17 -19 -15 -19 -14 -17 -13 -15 -13 -13 -13 -11 -13 -10 -13 -8 -14 -6 -14 -4 -15 -1 -17 0 0 0 0 0 0 0 0 0 0 0 0 0 0 0 0 0 0 0 0 0 0 -15 -6 -13 -8 -13 -11 -12 -14 -12 -16 -11 -17 -11 -19 -12 -21 -13 -22 -14 -23 -14 -23 -15 -24 -15 -23 -15 -22 -14 -21 -13 -21 -12 -21 -11 -22 -11 -24 -11 -26 -12 -28 -14 -31 -16 -33 -19 -34 -23 -34 -25 -34
CSI_DATA: 28 -64 1 0 -33 -9 -33 -9 -33 -7 -33 -6 -33 -4 -32 -2 -30 0 -29 1 -26 2 -25 2 -23 2 -22 1 -21 0 -20 -2 -19 -3 -20 -4 -20 -5 -19 -6 -19 -6 -19 -7 -19 -8 -18 -8 -17 -9 -15 -10 -13 -11 0 0 0 0 0 0 0 0 0 0 0 0 0 0 0 0 0 0 0 0 0 0 -18 9 -19 7 -19 5 -20 4 -19 3 -18 2 -19 0 -19 -1 -19 -3 -19 -6 -20 -8 -21 -9 -22 -11 -24 -12 -26 -12 -28 -12 -30 -11 -31 -9 -32 -8 -32 -6 -32 -5 -32 -4 -31 -4 -31 -5 -31 -5 -31 -7
CSI_DATA: 28 -64 1 0 -4 -36 -4 -33 -4 -33 -3 -30 -3 -29 -2 -29 -2 -29 -3 -29 -3 -30 -5 -29 -6 -28 -6 -27 -7 -26 -7 -25 -6 -23 -6 -22 -4 -21 -3 -20 -2 -19 0 -19 2 -18 3 -18 5 -17 7 -17 9 -16 0 0 0 0 0 0 0 0 0 0 0 0 0 0 0 0 0 0 0 0 0 0 -7 -16 -5 -17 -3 -19 -1 -20 1 -21 2 -22 3 -24 3 -25 4 -26 4 -27 4 -27 4 -27 4 -26 5 -26 5 -25 6 -26 7 -26 8 -28 9 -29 8 -31 8 -34 8 -36 6 -39 4 -40 2 -42 0 -42
CSI_DATA: 28 -64 1 0 -7 37 -6 36 -4 36 -2 34 -1 33 0 32 1 30 2 29 2 28 2 27 2 25 2 25 1 24 1 24 0 23 -1 23 -2 22 -2 22 -3 21 -4 20 -4 19 -5 18 -7 17 -8 16 -10 15 0 0 0 0 0 0 0 0 0 0 0 0 0 0 0 0 0 0 0 0 0 0 6 19 4 19 2 19 0 19 -1 19 -3 19 -5 20 -6 21 -8 21 -10 22 -11 23 -13 24 -13 25 -13 26 -13 27 -13 29 -13 29 -12 30 -10 31 -9 31 -9 32 -9 33 -9 34 -8 35 -8 36 -9 37
CSI_DATA: 28 -64 1 0 35 11 34 10 33 7 31 6 30 5 29 4 28 3 26 2 25 3 25 2 24 2 24 3 23 3 23 2 22 3 22 3 21 4 20 4 19 4 17 5 16 6 15 7 14 8 12 10 11 11 0 0 0 0 0 0 0 0 0 0 0 0 0 0 0 0 0 0 0 0 0 0 17 -4 16 -1 17 1 17 3 17 5 17 7 18 8 19 10 20 11 20 13 21 14 22 14 23 15 23 15 24 14 24 14 24 13 25 13 25 13 26 13 27 14 28 14 29 15 31 15 32 15 34 15
CSI_DATA: 28 -64 1 0 -29 -13 -28 -13 -28 -13 -28 -12 -28 -11 -28 -10 -27 -8 -27 -7 -26 -5 -25 -5 -24 -4 -23 -4 -21 -4 -20 -5 -18 -6 -18 -7 -17 -8 -17 -9 -16 -9 -16 -10 -15 -11 -15 -11 -14 -12 -12 -12 -10 -13 0 0 0 0 0 0 0 0 0 0 0 0 0 0 0 0 0 0 0 0 0 0 -18 1 -18 -1 -19 -2 -20 -3 -20 -4 -19 -5 -19 -6 -19 -7 -19 -8 -19 -9 -18 -10 -18 -12 -18 -14 -18 -15 -19 -16 -21 -17 -22 -18 -24 -18 -26 -17 -27 -16 -29 -15 -30 -14 -31 -13 -31 -12 -31 -12 -30 -12
CSI_DATA: 28 -64 1 0 37 -16 35 -17 33 -19 30 -20 28 -20 25 -20 22 -19 20 -19 19 -17 18 -16 18 -14 19 -13 19 -12 20 -12 20 -11 21 -11 20 -11 21 -11 20 -10 19 -9 18 -8 18 -7 17 -5 16 -4 16 -1 0 0 0 0 0 0 0 0 0 0 0 0 0 0 0 0 0 0 0 0 0 0 8 -17 10 -15 12 -14 13 -12 14 -10 15 -9 17 -7 19 -6 22 -5 24 -5 26 -5 28 -5 29 -6 30 -7 30 -8 30 -10 29 -11 28 -12 27 -12 27 -11 27 -11 28 -11 29 -10 31 -10 34 -10 36 -12
CSI_DATA: 82 32 5 0 6 24 6 24 7 24 7 23 7 23 7 22 8 22 8 21 8 21 8 20 8 20 8 20 8 20 8 20 8 20 7 19 7 19 6 18 6 17 5 17 5 16 4 15 4 14 3 14 3 14 0 0 0 0 0 0 0 0 0 0 0 0 0 0 0 0 0 0 0 0 0 0 5 15 5 16 4 16 4 16 4 17 4 19 4 20 4 21 4 22 3 21 3 22 3 23 3 23 2 23 3 23 3 23 3 24 4 24 4 23 4 24 4 24 5 24 5 24 6 24 6 24 6 25
CSI_DATA: 28 -64 1 0 -8 -18 -8 -16 -6 -16 -6 -15 -5 -14 -5 -15 -5 -15 -5 -15 -6 -15 -7 -16 -7 -14 -8 -14 -8 -13 -8 -12 -7 -11 -7 -11 -6 -10 -5 -10 -3 -10 -2 -10 -1 -10 0 -10 1 -10 2 -10 3 -10 0 0 0 0 0 0 0 0 0 0 0 0 0 0 0 0 0 0 0 0 0 0 -7 -7 -5 -8 -4 -9 -4 -10 -3 -11 -3 -12 -3 -12 -2 -13 -3 -14 -3 -15 -3 -15 -3 -15 -3 -15 -3 -14 -2 -14 -2 -14 -1 -14 -1 -15 0 -16 -1 -17 -1 -19 -1 -20 -3 -21 -4 -22 -5 -22 -7 -22
CSI_DATA: 28 -64 1 0 18 22 17 23 17 23 18 23 18 23 19 22 21 21 21 20 21 18 21 16 20 14 19 13 17 13 16 12 14 12 12 13 10 13 9 14 8 15 6 16 6 16 5 17 4 17 2 18 0 18 0 0 0 0 0 0 0 0 0 0 0 0 0 0 0 0 0 0 0 0 0 0 17 4 17 6 17 7 17 8 17 9 16 10 16 11 15 11 14 12 13 13 12 15 10 17 10 18 10 20 10 22 11 24 12 25 14 26 16 26 19 26 21 26 23 25 23 24 24 23 24 22 23 22
CSI_DATA: 28 -64 1 0 28 -9 29 -10 28 -12 27 -12 26 -13 25 -14 23 -15 21 -15 20 -15 18 -15 17 -13 15 -12 16 -11 16 -10 16 -9 17 -7 18 -7 18 -6 17 -5 17 -5 17 -4 17 -3 16 -2 16 -1 15 1 0 0 0 0 0 0 0 0 0 0 0 0 0 0 0 0 0 0 0 0 0 0 10 -15 12 -14 13 -13 14 -13 14 -11 15 -11 15 -10 16 -9 17 -7 18 -6 18 -5 20 -3 21 -3 23 -2 24 -2 26 -3 27 -4 28 -6 28 -8 29 -9 28 -10 28 -12 28 -12 27 -12 28 -12 28 -11
CSI_DATA: 28 -64 1 0 15 8 16 8 15 7 16 7 16 6 16 5 16 4 15 3 14 2 13 2 13 1 11 1 11 2 10 2 10 3 10 4 9 4 9 4 9 5 9 5 8 5 8 6 8 6 7 6 6 7 0 0 0 0 0 0 0 0 0 0 0 0 0 0 0 0 0 0 0 0 0 0 10 -2 10 -1 10 0 10 1 10 1 9 2 9 2 9 3 9 4 9 5 9 7 9 7 9 8 10 9 10 9 12 10 13 10 13 9 14 9 15 8 15 7 16 7 15 6 16 7 16 7 15 7
CSI_DATA: 28 -64 1 0 26 23 24 20 20 17 17 16 14 16 11 17 10 19 9 21 10 23 11 24 13 24 14 24 16 23 16 22 16 20 15 18 14 16 11 14 8 13 6 12 3 12 0 12 -3 13 -6 13 -9 14 0 0 0 0 0 0 0 0 0 0 0 0 0 0 0 0 0 0 0 0 0 0 12 0 12 3 12 6 12 10 12 12 13 15 14 17 15 18 17 19 18 20 18 19 19 19 19 18 18 17 16 16 13 16 11 17 9 19 8 21 8 25 9 28 12 32 15 35 19 36 23 36 26 35
CSI_DATA: 28 -64 1 0 -19 4 -17 3 -16 3 -15 1 -15 1 -15 0 -16 0 -16 0 -16 0 -17 1 -17 2 -16 3 -16 4 -14 4 -13 4 -12 3 -11 3 -10 2 -9 0 -9 -1 -9 -3 -9 -4 -8 -5 -8 -6 -8 -8 0 0 0 0 0 0 0 0 0 0 0 0 0 0 0 0 0 0 0 0 0 0 -7 4 -8 3 -9 2 -11 1 -11 0 -12 0 -13 0 -14 0 -15 0 -15 0 -15 0 -15 0 -14 0 -14 0 -13 -1 -14 -2 -14 -2 -14 -3 -15 -4 -17 -4 -19 -4 -20 -3 -22 -2 -23 -1 -24 1 -23 3
CSI_DATA: 28 -64 1 0 -19 -4 -15 -9 -11 -13 -11 -18 -11 -22 -12 -25 -14 -27 -17 -28 -19 -28 -21 -26 -22 -23 -21 -21 -20 -18 -18 -16 -15 -14 -11 -12 -7 -10 -3 -10 1 -9 4 -9 8 -10 11 -10 13 -10 16 -9 18 -8 0 0 0 0 0 0 0 0 0 0 0 0 0 0 0 0 0 0 0 0 0 0 -5 15 -8 16 -10 18 -11 19 -12 20 -13 20 -13 20 -13 19 -12 18 -12 15 -12 12 -12 9 -12 4 -14 0 -16 -4 -19 -8 -22 -11 -27 -12 -31 -12 -35 -11 -38 -10 -41 -7 -41 -4 -40 -1 -38 1 -34 2
CSI_DATA: 28 -64 1 0 19 -3 17 3 16 9 16 14 18 19 21 22 24 23 27 23 29 21 31 19 30 16 29 14 27 12 24 9 20 8 15 8 11 8 6 9 2 9 -2 11 -6 12 -9 14 -12 14 -14 15 -17 15 0 0 0 0 0 0 0 0 0 0 0 0 0 0 0 0 0 0 0 0 0 0 -1 -18 1 -21 3 -23 4 -25 5 -26 5 -27 6 -26 5 -26 6 -24 6 -21 7 -18 8 -14 10 -10 13 -6 17 -2 22 1 26 2 32 2 36 1 40 -1 43 -4 45 -8 44 -12 42 -14 39 -16 35 -15
CSI_DATA: 28 -64 1 0 30 -5 27 -7 22 -7 17 -6 12 -4 7 -3 3 1 0 3 -5 6 -6 10 -9 13 -9 15 -10 17 -9 18 -9 18 -9 18 -8 17 -7 14 -6 11 -5 9 -4 6 -3 3 -2 0 0 -3 2 -5 0 0 0 0 0 0 0 0 0 0 0 0 0 0 0 0 0 0 0 0 0 0 4 9 1 6 -1 4 -3 1 -4 -2 -6 -5 -8 -8 -9 -12 -10 -14 -11 -17 -12 -19 -12 -19 -12 -20 -13 -19 -12 -17 -11 -14 -9 -12 -5 -9 -2 -6 4 -3 8 -1 14 -1 19 1 24 1 29 0 32 -1
CSI_DATA: 28 -64 1 0 32 -10 29 -11 24 -11 19 -9 13 -7 8 -4 4 0 0 4 -4 7 -6 11 -8 15 -9 18 -9 20 -8 21 -8 21 -8 21 -7 19 -6 16 -5 14 -5 11 -4 7 -3 3 -2 1 0 -3 1 -6 0 0 0 0 0 0 0 0 0 0 0 0 0 0 0 0 0 0 0 0 0 0 5 8 3 7 0 5 -2 2 -5 -1 -8 -4 -10 -7 -12 -11 -14 -14 -14 -16 -15 -18 -17 -20 -16 -20 -17 -19 -16 -17 -14 -15 -11 -11 -8 -9 -3 -7 3 -4 8 -3 16 -3 20 -1 27 -2 32 -3 36 -5
CSI_DATA: 28 -64 1 0 -24 5 -25 2 -25 1 -27 -1 -29 0 -30 1 -31 3 -31 5 -29 8 -28 10 -25 11 -22 10 -20 10 -17 8 -15 6 -14 3 -13 1 -13 -3 -13 -5 -14 -7 -14 -9 -15 -10 -16 -11 -16 -12 -15 -13 0 0 0 0 0 0 0 0 0 0 0 0 0 0 0 0 0 0 0 0 0 0 -8 14 -10 14 -13 14 -14 14 -15 14 -16 14 -17 14 -17 14 -17 13 -17 12 -18 10 -18 8 -19 6 -20 3 -22 2 -25 1 -27 1 -30 1 -32 3 -34 5 -35 8 -35 11 -34 14 -33 15 -30 15 -28 14
CSI_DATA: 28 -64 1 0 18 14 17 17 15 16 16 20 17 21 18 21 20 21 21 21 22 18 24 15 24 13 22 11 21 9 17 8 15 8 12 7 10 8 7 9 4 10 3 12 1 14 1 15 0 16 -2 17 -3 18 0 0 0 0 0 0 0 0 0 0 0 0 0 0 0 0 0 0 0 0 0 0 16 -5 18 -3 19 -1 21 0 20 1 21 2 20 2 20 3 19 4 18 5 17 6 17 8 15 10 15 13 16 16 15 18 18 21 20 21 24 23 25 22 28 20 30 19 31 16 31 14 31 12 29 11
CSI_DATA: 28 -64 1 0 -23 -6 -25 -9 -21 -9 -24 -12 -25 -12 -27 -13 -28 -11 -30 -10 -28 -6 -28 -4 -28 -2 -27 0 -26 0 -19 -1 -19 -2 -14 -2 -13 -3 -12 -6 -10 -8 -9 -10 -9 -13 -8 -13 -8 -15 -8 -17 -7 -18 0 0 0 0 0 0 0 0 0 0 0 0 0 0 0 0 0 0 0 0 0 0 -14 10 -17 9 -18 6 -21 7 -19 5 -21 5 -20 4 -21 4 -20 2 -19 2 -20 1 -19 -1 -19 -4 -20 -7 -23 -10 -22 -11 -27 -13 -27 -12 -32 -13 -32 -10 -36 -8 -37 -7 -35 -2 -34 -1 -34 1 -32 1
CSI_DATA: 28 -64 1 0 9 -19 7 -12 7 -5 7 3 9 9 11 14 14 17 17 20 20 21 22 21 22 20 23 19 22 17 21 15 17 13 14 10 10 9 6 7 2 5 -2 3 -7 1 -10 0 -13 -2 -15 -4 -17 -6 0 0 0 0 0 0 0 0 0 0 0 0 0 0 0 0 0 0 0 0 0 0 -10 2 -14 0 -18 -2 -21 -3 -23 -4 -25 -5 -26 -6 -27 -6 -26 -6 -24 -6 -22 -6 -19 -6 -14 -5 -8 -6 -3 -7 3 -9 9 -11 14 -14 19 -18 22 -22 24 -27 26 -31 25 -35 24 -37 21 -37 19 -37
CSI_DATA: 28 -64 1 0 21 32 17 25 12 18 6 11 0 5 -6 0 -13 -4 -20 -6 -25 -8 -29 -8 -32 -7 -34 -6 -35 -6 -33 -5 -30 -5 -27 -4 -23 -3 -18 -3 -12 -3 -7 -3 -2 -2 3 -1 8 0 12 1 15 4 0 0 0 0 0 0 0 0 0 0 0 0 0 0 0 0 0 0 0 0 0 0 -5 3 -3 -2 -2 -7 0 -12 2 -16 5 -21 7 -24 10 -27 11 -30 13 -31 13 -31 13 -30 12 -27 11 -24 9 -18 7 -12 6 -5 4 3 5 11 6 19 7 27 11 34 13 40 17 45 21 47 23 47
CSI_DATA: 28 -64 1 0 -18 -46 -18 -44 -17 -40 -17 -35 -15 -29 -13 -22 -10 -16 -7 -9 -2 -2 1 3 5 7 9 12 12 15 14 19 15 21 16 22 16 24 14 23 13 22 11 20 9 18 6 16 4 12 2 8 0 4 0 0 0 0 0 0 0 0 0 0 0 0 0 0 0 0 0 0 0 0 0 0 -9 -15 -5 -12 -2 -8 0 -4 1 1 2 6 1 12 1 18 1 23 0 27 -2 31 -3 34 -3 35 -3 35 -3 34 -2 31 -2 27 -1 22 -1 15 -1 8 -2 -1 -3 -9 -4 -18 -7 -26 -10 -34 -11 -41
CSI_DATA: 28 -64 1 0 15 -44 11 -40 8 -35 5 -27 5 -20 5 -12 7 -5 10 1 14 6 17 10 21 12 25 14 27 14 29 14 28 12 28 11 26 10 23 9 18 8 14 7 9 6 4 5 -1 5 -6 3 -11 2 0 0 0 0 0 0 0 0 0 0 0 0 0 0 0 0 0 0 0 0 0 0 5 12 1 9 -3 6 -6 2 -9 -1 -13 -5 -17 -9 -21 -12 -24 -14 -26 -16 -29 -17 -30 -17 -30 -16 -29 -15 -27 -13 -24 -11 -18 -9 -13 -9 -5 -9 2 -11 9 -15 15 -20 21 -26 24 -32 26 -38 26 -45
CSI_DATA: 28 -64 1 0 2 -27 3 -31 3 -34 1 -36 -2 -37 -5 -37 -7 -36 -9 -33 -10 -30 -10 -26 -10 -22 -7 -18 -4 -15 -1 -12 3 -10 8 -9 11 -8 14 -8 17 -9 19 -8 20 -9 21 -9 22 -8 21 -7 21 -5 0 0 0 0 0 0 0 0 0 0 0 0 0 0 0 0 0 0 0 0 0 0 -15 14 -16 13 -17 12 -17 11 -17 9 -16 7 -15 5 -14 2 -13 -1 -12 -5 -11 -10 -12 -14 -13 -18 -14 -22 -16 -24 -19 -27 -21 -27 -24 -27 -26 -25 -28 -22 -28 -20 -27 -17 -23 -16 -19 -15 -15 -15 -9 -17
CSI_DATA: 28 -64 1 0 -37 -1 -32 0 -28 0 -24 -2 -22 -4 -20 -7 -20 -9 -21 -11 -23 -12 -25 -12 -27 -12 -29 -10 -29 -8 -28 -6 -26 -4 -25 -3 -21 -2 -19 -3 -16 -4 -13 -5 -11 -7 -8 -9 -7 -12 -4 -14 -3 -16 0 0 0 0 0 0 0 0 0 0 0 0 0 0 0 0 0 0 0 0 0 0 -11 8 -12 6 -14 3 -16 0 -18 -1 -19 -3 -21 -4 -24 -4 -26 -4 -27 -5 -27 -4 -27 -3 -27 -3 -26 -3 -24 -3 -23 -4 -21 -5 -21 -8 -21 -11 -23 -13 -26 -15 -30 -17 -34 -17 -38 -16 -41 -13 -42 -10
CSI_DATA: 28 -64 1 0 22 29 18 23 17 23 14 18 11 19 8 18 6 20 5 21 5 24 5 25 7 25 8 26 9 25 11 26 11 22 12 23 11 19 9 18 8 15 5 13 3 12 0 12 -3 11 -7 10 -9 10 0 0 0 0 0 0 0 0 0 0 0 0 0 0 0 0 0 0 0 0 0 0 12 4 11 6 11 10 10 12 11 15 10 16 11 18 12 20 13 21 14 22 14 21 15 21 14 20 13 19 11 17 10 19 7 19 6 21 5 22 4 26 4 29 5 32 8 37 12 38 16 38 18 37
CSI_DATA: 28 -64 1 0 29 -20 25 -19 22 -17 20 -14 19 -11 19 -8 21 -6 22 -5 23 -5 25 -6 26 -7 27 -8 27 -10 26 -11 24 -12 22 -11 20 -11 17 -10 15 -8 14 -6 12 -3 11 0 11 3 10 6 10 9 0 0 0 0 0 0 0 0 0 0 0 0 0 0 0 0 0 0 0 0 0 0 4 -13 7 -12 10 -12 13 -11 14 -11 17 -12 18 -12 20 -13 22 -13 22 -14 22 -15 22 -15 21 -14 20 -13 19 -11 19 -10 20 -8 21 -6 24 -5 26 -4 30 -5 33 -6 36 -9 38 -11 39 -14 39 -18
CSI_DATA: 28 -64 1 0 23 10 18 10 13 11 9 13 7 17 6 19 7 22 8 25 10 26 13 26 15 25 16 23 17 21 16 18 15 15 13 13 9 11 6 9 2 8 -2 8 -5 8 -8 9 -11 10 -13 10 -16 9 0 0 0 0 0 0 0 0 0 0 0 0 0 0 0 0 0 0 0 0 0 0 9 -8 12 -6 15 -4 17 -3 20 -2 21 -1 22 -1 24 -1 24 -1 24 0 23 0 21 0 20 2 18 3 15 6 14 9 13 12 14 16 16 19 19 22 22 24 26 25 30 25 33 23 35 20 34 17
CSI_DATA: 28 -64 1 0 -30 -5 -21 -6 -19 -9 -15 -11 -14 -16 -13 -20 -14 -23 -17 -25 -21 -27 -23 -25 -25 -22 -25 -20 -23 -18 -25 -15 -19 -11 -19 -12 -13 -9 -10 -9 -6 -9 -2 -10 2 -12 5 -14 7 -14 10 -15 12 -15 0 0 0 0 0 0 0 0 0 0 0 0 0 0 0 0 0 0 0 0 0 0 -9 11 -11 8 -16 9 -17 6 -22 8 -21 5 -25 6 -25 5 -26 7 -28 6 -25 5 -24 4 -23 3 -21 0 -18 -3 -19 -7 -17 -10 -22 -14 -21 -15 -27 -19 -30 -22 -35 -20 -42 -20 -43 -15 -43 -11 -40 -9
CSI_DATA: 28 -64 1 0 23 -15 20 -11 18 -6 19 -1 20 3 22 6 26 7 28 6 30 5 32 3 32 0 32 -2 30 -4 27 -6 23 -6 19 -4 16 -3 13 -1 9 2 7 5 5 9 4 12 3 15 2 17 1 20 0 0 0 0 0 0 0 0 0 0 0 0 0 0 0 0 0 0 0 0 0 0 -1 -14 3 -15 6 -16 9 -18 12 -18 13 -20 14 -21 15 -22 15 -23 15 -22 15 -22 15 -20 14 -17 14 -14 16 -10 17 -7 20 -5 23 -3 28 -2 32 -3 37 -5 40 -8 41 -12 41 -16 40 -19 38 -22
CSI_DATA: 28 -64 1 0 -25 7 -20 4 -18 0 -16 -4 -17 -7 -18 -11 -20 -13 -22 -14 -24 -14 -27 -12 -28 -10 -28 -8 -27 -6 -26 -4 -22 -3 -20 -3 -16 -2 -13 -4 -9 -5 -6 -7 -4 -9 -1 -11 1 -13 3 -15 5 -16 0 0 0 0 0 0 0 0 0 0 0 0 0 0 0 0 0 0 0 0 0 0 -4 12 -7 12 -10 13 -13 13 -15 14 -16 14 -17 15 -19 15 -19 16 -18 15 -18 14 -17 12 -16 10 -16 7 -16 4 -17 1 -19 -2 -22 -5 -26 -6 -29 -6 -33 -5 -37 -3 -39 0 -40 3 -39 6 -37 8
CSI_DATA: 28 -64 1 0 25 9 19 10 14 10 10 13 7 16 5 20 5 23 6 26 8 28 11 29 13 28 15 27 16 25 16 22 15 19 13 16 10 14 6 12 3 9 -1 9 -5 8 -8 8 -12 8 -15 7 -17 6 0 0 0 0 0 0 0 0 0 0 0 0 0 0 0 0 0 0 0 0 0 0 9 -10 13 -8 16 -7 19 -6 21 -5 23 -5 24 -4 25 -5 26 -4 25 -4 24 -4 22 -2 20 0 18 2 16 6 14 9 14 13 15 17 18 21 21 24 25 26 29 26 33 26 36 24 38 21 38 17
CSI_DATA: 28 -64 1 0 -11 -22 -7 -19 -2 -18 2 -17 5 -18 7 -20 9 -22 10 -25 8 -27 7 -28 5 -29 2 -28 1 -27 0 -25 -1 -22 -1 -18 0 -16 1 -12 3 -9 6 -7 8 -5 10 -3 13 -1 15 0 16 2 0 0 0 0 0 0 0 0 0 0 0 0 0 0 0 0 0 0 0 0 0 0 -14 -2 -15 -6 -15 -8 -16 -11 -17 -12 -18 -14 -18 -15 -19 -15 -18 -16 -18 -15 -16 -15 -15 -15 -13 -14 -9 -15 -6 -16 -4 -18 -1 -20 1 -23 1 -27 0 -30 -2 -34 -4 -36 -7 -38 -10 -38 -13 -36 -15 -35
CSI_DATA: 28 -64 1 0 -33 27 -30 29 -25 30 -21 29 -17 26 -13 22 -11 18 -11 13 -11 8 -13 4 -15 1 -18 -1 -21 -2 -23 -3 -26 -2 -26 -2 -27 -1 -25 -1 -23 0 -21 0 -18 -1 -15 -2 -12 -4 -9 -6 -6 -8 0 0 0 0 0 0 0 0 0 0 0 0 0 0 0 0 0 0 0 0 0 0 19 1 18 3 15 4 12 5 9 6 6 8 2 11 -1 13 -4 17 -7 19 -9 23 -10 27 -9 30 -8 31 -6 32 -4 32 -2 30 0 27 0 24 -2 19 -5 16 -9 13 -15 12 -21 12 -27 14 -32 17
CSI_DATA: 28 -64 1 0 -21 33 -16 30 -13 25 -11 19 -11 13 -13 8 -16 4 -20 2 -23 0 -27 1 -29 2 -30 4 -30 6 -28 8 -27 9 -24 9 -21 8 -18 6 -15 3 -12 0 -10 -3 -8 -7 -6 -10 -5 -13 -3 -17 0 0 0 0 0 0 0 0 0 0 0 0 0 0 0 0 0 0 0 0 0 0 14 0 11 3 7 6 4 9 1 12 -1 15 -3 19 -5 23 -5 26 -5 28 -4 31 -3 31 -1 30 0 29 0 25 0 22 -2 19 -5 15 -10 13 -16 12 -21 13 -27 15 -31 19 -34 24 -35 29 -34 34
CSI_DATA: 28 -64 1 0 37 11 31 8 25 6 18 6 13 8 8 11 5 15 3 19 3 23 4 26 6 28 8 29 10 28 12 27 12 24 12 22 10 19 7 16 5 12 1 10 -2 8 -7 7 -10 5 -13 4 -16 2 0 0 0 0 0 0 0 0 0 0 0 0 0 0 0 0 0 0 0 0 0 0 -3 -12 1 -10 5 -9 9 -7 13 -6 17 -5 21 -5 24 -5 27 -6 29 -7 30 -8 29 -9 28 -9 26 -9 22 -8 19 -5 16 -2 14 3 14 8 15 14 18 20 22 24 27 27 33 28 38 27 41 25
CSI_DATA: 28 -64 1 0 -16 10 -15 11 -13 12 -12 12 -10 12 -8 11 -6 9 -6 8 -5 6 -5 4 -5 2 -6 0 -7 -1 -8 -2 -9 -2 -10 -3 -11 -2 -11 -2 -11 -2 -10 -2 -10 -2 -9 -2 -8 -2 -6 -3 -5 -3 0 0 0 0 0 0 0 0 0 0 0 0 0 0 0 0 0 0 0 0 0 0 8 0 7 1 6 1 5 2 3 2 2 3 1 4 -1 5 -2 7 -4 8 -4 10 -5 11 -5 12 -5 13 -4 14 -3 14 -2 14 -1 12 -1 11 -1 10 -2 8 -3 6 -5 6 -8 5 -11 5 -13 6
CSI_DATA: 28 -64 1 0 18 6 17 4 15 2 13 1 11 1 8 1 7 2 5 3 4 5 4 6 4 8 5 8 5 9 6 9 7 9 7 8 7 8 6 7 5 6 4 5 3 4 2 4 0 4 -1 3 -3 3 0 0 0 0 0 0 0 0 0 0 0 0 0 0 0 0 0 0 0 0 0 0 -1 -8 0 -7 1 -6 2 -5 4 -3 5 -2 6 -1 8 -1 10 0 11 0 12 0 13 0 14 -1 14 -2 13 -3 12 -3 10 -3 9 -2 8 -1 7 1 7 3 8 5 9 7 11 9 14 10 16 10
CSI_DATA: 28 -64 1 0 25 -10 18 -6 10 -1 4 6 0 11 -3 18 -5 23 -7 28 -6 32 -5 35 -4 35 -3 35 -1 34 0 31 0 27 -1 23 -1 19 -2 13 -3 8 -4 3 -5 -2 -6 -7 -6 -11 -6 -15 -4 -19 0 0 0 0 0 0 0 0 0 0 0 0 0 0 0 0 0 0 0 0 0 0 -12 -4 -14 -9 -16 -13 -18 -17 -19 -20 -20 -22 -20 -23 -20 -25 -20 -24 -18 -24 -16 -22 -13 -19 -8 -15 -4 -11 2 -7 8 -4 15 -1 22 1 29 0 36 0 42 -2 47 -5 50 -7 51 -10 50 -13 47 -15
CSI_DATA: 28 -64 1 0 -16 8 -24 9 -29 11 -32 13 -34 16 -35 18 -33 20 -31 21 -27 21 -24 20 -19 17 -16 13 -12 8 -9 3 -6 -2 -4 -7 -3 -12 -2 -16 0 -19 0 -21 1 -23 2 -23 3 -23 5 -22 6 -20 0 0 0 0 0 0 0 0 0 0 0 0 0 0 0 0 0 0 0 0 0 0 2 -22 5 -24 7 -25 8 -25 9 -24 9 -24 10 -21 9 -18 9 -14 8 -9 7 -3 7 3 7 9 7 16 9 22 11 27 14 32 17 34 20 35 23 34 25 33 25 29 24 26 21 21 16 17 9 13
CSI_DATA: 28 -64 1 0 22 -31 18 -28 13 -22 10 -16 6 -10 4 -4 2 3 2 9 2 14 3 18 4 22 5 24 6 26 6 26 6 25 5 24 5 22 4 20 2 16 1 12 -1 8 -2 4 -3 0 -3 -3 -3 -8 0 0 0 0 0 0 0 0 0 0 0 0 0 0 0 0 0 0 0 0 0 0 3 2 -2 2 -6 2 -11 2 -15 1 -20 1 -23 0 -26 -1 -28 -1 -29 -2 -30 -2 -30 -2 -27 -2 -24 -2 -19 -2 -14 -2 -9 -3 -2 -4 5 -7 11 -9 17 -13 23 -18 26 -23 29 -27 31 -31 31 -35
CSI_DATA: 28 -64 1 0 3 -43 2 -43 0 -41 -2 -38 -3 -34 -4 -28 -3 -22 -2 -15 -1 -9 2 -3 4 2 7 7 9 11 12 15 14 17 14 19 15 20 14 20 13 19 11 17 8 16 6 14 4 11 1 8 -1 4 0 0 0 0 0 0 0 0 0 0 0 0 0 0 0 0 0 0 0 0 0 0 15 -14 15 -11 13 -8 11 -5 8 -3 4 0 -1 3 -5 5 -10 8 -15 10 -20 12 -24 14 -26 16 -28 18 -28 19 -28 19 -26 19 -22 18 -19 16 -15 12 -10 7 -6 1 -2 -6 1 -14 3 -22 6 -30
CSI_DATA: 28 -64 1 0 -4 38 -2 39 0 38 2 37 3 33 4 29 4 24 3 18 2 13 -1 7 -3 3 -6 -1 -9 -4 -12 -8 -15 -10 -16 -12 -18 -13 -18 -14 -17 -14 -17 -14 -15 -14 -13 -13 -11 -12 -8 -11 -5 -10 0 0 0 0 0 0 0 0 0 0 0 0 0 0 0 0 0 0 0 0 0 0 -18 4 -16 2 -13 -1 -10 -2 -5 -3 -1 -4 3 -4 9 -6 14 -6 18 -8 22 -8 26 -9 28 -11 30 -12 30 -13 29 -13 27 -14 23 -14 20 -12 16 -10 11 -6 7 -1 2 5 -1 11 -3 19 -5 26
CSI_DATA: 28 -64 1 0 3 -46 1 -44 -1 -46 -3 -40 -5 -38 -6 -33 -6 -27 -5 -21 -3 -16 0 -9 3 -5 6 1 9 4 14 8 15 10 18 12 18 13 19 15 19 14 18 15 16 14 14 14 11 12 8 11 4 9 0 0 0 0 0 0 0 0 0 0 0 0 0 0 0 0 0 0 0 0 0 0 19 -6 16 -3 14 0 10 1 5 2 0 3 -5 5 -10 6 -16 6 -21 8 -26 9 -30 10 -33 12 -35 13 -34 14 -35 14 -30 14 -29 14 -22 12 -19 10 -14 6 -8 0 -4 -7 -1 -14 2 -23 4 -31
CSI_DATA: 28 -64 1 0 -19 6 -24 6 -28 7 -30 9 -31 10 -31 13 -30 14 -28 16 -24 16 -22 15 -17 13 -15 11 -12 7 -10 3 -9 -1 -8 -5 -7 -9 -7 -12 -7 -14 -7 -16 -6 -18 -6 -19 -5 -19 -4 -19 -2 -19 0 0 0 0 0 0 0 0 0 0 0 0 0 0 0 0 0 0 0 0 0 0 19 -9 20 -8 20 -7 21 -6 20 -4 18 -3 16 -2 14 -1 11 2 7 4 4 8 0 12 -2 15 -4 20 -6 24 -6 28 -5 32 -3 34 -1 35 2 35 4 34 5 31 6 28 4 24 2 19 -2 15
CSI_DATA: 28 -64 1 0 23 31 25 30 27 27 27 23 27 19 24 15 21 12 16 9 11 8 6 8 2 10 -1 12 -4 14 -6 16 -8 19 -8 21 -8 22 -8 21 -7 20 -7 19 -7 17 -6 15 -7 12 -7 8 -8 5 0 0 0 0 0 0 0 0 0 0 0 0 0 0 0 0 0 0 0 0 0 0 -7 -19 -5 -19 -3 -17 -2 -15 0 -13 2 -10 5 -7 8 -4 12 -1 16 1 20 3 24 3 27 3 30 2 31 0 32 -2 31 -4 29 -7 26 -7 22 -6 18 -4 15 0 12 5 11 11 12 18 13 24
CSI_DATA: 28 -64 1 0 -24 -31 -23 -26 -20 -22 -17 -17 -12 -14 -7 -13 -2 -12 3 -14 6 -16 8 -19 9 -22 9 -23 8 -25 8 -26 7 -25 5 -24 5 -22 4 -19 4 -16 4 -12 5 -9 6 -6 7 -2 9 1 10 5 0 0 0 0 0 0 0 0 0 0 0 0 0 0 0 0 0 0 0 0 0 0 -1 11 -4 8 -6 5 -8 2 -11 -1 -14 -4 -17 -6 -20 -9 -23 -9 -25 -9 -27 -9 -29 -8 -28 -6 -27 -5 -25 -4 -22 -3 -18 -4 -13 -6 -10 -9 -7 -13 -5 -19 -5 -25 -6 -30 -10 -35 -14 -39 -17 -41
CSI_DATA: 28 -64 1 0 -7 -19 -6 -24 -6 -27 -8 -31 -10 -32 -13 -32 -15 -30 -16 -27 -16 -24 -15 -21 -13 -17 -11 -14 -6 -12 -2 -10 2 -8 6 -8 10 -7 13 -7 15 -7 17 -7 18 -7 19 -7 19 -6 18 -4 17 -2 0 0 0 0 0 0 0 0 0 0 0 0 0 0 0 0 0 0 0 0 0 0 5 18 4 19 2 21 2 22 1 21 0 20 0 19 -1 16 -3 13 -5 9 -7 5 -10 1 -14 -2 -18 -5 -22 -7 -27 -8 -30 -8 -34 -6 -36 -4 -36 -1 -36 1 -34 3 -30 4 -26 4 -21 1 -16 -2
CSI_DATA: 82 32 5 0 5 -25 5 -25 4 -24 4 -24 3 -23 3 -23 3 -23 2 -23 2 -23 2 -23 1 -22 2 -22 1 -22 1 -22 2 -21 2 -21 2 -20 2 -19 3 -19 2 -18 3 -17 3 -16 3 -16 3 -15 4 -14 0 0 0 0 0 0 0 0 0 0 0 0 0 0 0 0 0 0 0 0 0 0 1 -16 2 -16 2 -17 3 -17 3 -18 4 -19 4 -19 5 -20 6 -21 6 -21 6 -21 7 -22 7 -22 7 -22 8 -22 7 -22 7 -22 7 -23 6 -23 6 -23 6 -23 6 -24 6 -24 5 -24 5 -25 5 -25
CSI_DATA: 82 32 5 0 -25 5 -24 5 -24 5 -23 5 -23 6 -22 6 -22 6 -22 7 -22 7 -21 6 -21 7 -21 7 -20 7 -20 7 -20 7 -20 7 -19 6 -19 5 -18 5 -17 4 -16 4 -16 4 -15 4 -15 2 -15 2 0 0 0 0 0 0 0 0 0 0 0 0 0 0 0 0 0 0 0 0 0 0 -16 3 -16 3 -17 3 -17 2 -18 3 -19 2 -20 2 -21 1 -21 2 -22 1 -23 1 -23 0 -23 0 -23 0 -23 1 -24 1 -23 1 -24 2 -24 2 -24 3 -24 3 -24 4 -25 3 -25 4 -24 4 -25 4
CSI_DATA: 82 32 5 0 17 18 17 17 17 18 17 16 17 16 17 15 16 15 17 14 18 14 17 14 16 13 16 13 16 13 17 13 16 13 15 13 14 12 14 12 13 12 12 11 11 11 11 11 10 10 10 10 9 10 0 0 0 0 0 0 0 0 0 0 0 0 0 0 0 0 0 0 0 0 0 0 12 9 12 10 12 11 12 11 12 12 13 13 13 14 14 15 14 16 14 16 15 17 15 17 14 17 14 17 14 17 15 18 15 18 16 18 15 17 16 18 16 17 17 18 18 18 17 18 17 18 18 18
CSI_DATA: 82 32 5 0 -7 -26 -7 -25 -7 -25 -7 -24 -7 -23 -8 -23 -8 -23 -8 -22 -8 -22 -8 -22 -8 -21 -8 -21 -8 -21 -8 -21 -8 -20 -7 -19 -7 -19 -7 -19 -6 -17 -6 -17 -5 -17 -5 -16 -4 -15 -4 -15 -3 -14 0 0 0 0 0 0 0 0 0 0 0 0 0 0 0 0 0 0 0 0 0 0 -7 -15 -6 -16 -6 -16 -6 -17 -6 -18 -6 -19 -6 -20 -6 -20 -6 -21 -6 -22 -5 -22 -5 -23 -4 -23 -4 -23 -5 -23 -5 -24 -5 -24 -5 -24 -6 -25 -6 -24 -6 -25 -6 -25 -7 -25 -7 -25 -7 -26 -7 -26
CSI_DATA: 82 32 5 0 -12 -8 -10 -9 -14 -6 -8 -4 -10 -3 -15 -6 -11 -2 -12 -5 -14 -6 -15 -1 -14 -3 -13 -6 -13 -2 -14 -5 -14 -6 -15 -7 -14 -6 -7 -3 -14 -4 -10 -6 -5 -8 -10 -4 -7 -3 -5 -8 -8 -7 0 0 0 0 0 0 0 0 0 0 0 0 0 0 0 0 0 0 0 0 0 0 -6 -9 -4 -9 -3 -6 -7 -8 -8 -5 -1 -10 -5 -12 -1 -11 -5 -9 -7 -9 -4 -10 -7 -7 -5 -8 -9 -5 -6 -4 -9 -11 -9 -7 -9 -8 -10 -4 -13 -7 -13 -9 -12 -8 -6 -14 -12 -9 -8 -8 -8 -6
CSI_DATA: -95 16 10 0 -12 -7 -8 -5 -6 -6 -10 -3 -9 -5 -12 -3 -7 -2 -14 -2 -10 3 -11 7 -9 0 -11 2 -10 2 -11 2 -11 1 -11 3 -13 6 -18 1 -14 -3 -15 0 -14 0 -12 -4 -12 0 -15 -1 -12 -2 0 0 0 0 0 0 0 0 0 0 0 0 0 0 0 0 0 0 0 0 0 0 -12 -11 -7 -8 -7 -11 -10 -9 -4 -10 -6 -11 -8 -14 -8 -12 -4 -14 -3 -9 -8 -11 -5 -8 -5 -15 -5 -9 -4 -12 -6 -9 -4 -9 -5 -8 -7 -9 -6 -6 -3 -12 -8 -10 -8 -5 -8 -10 -8 -11 -7 -9
CSI_DATA: -95 16 10 0 -9 -1 -12 -1 -10 -1 -9 7 -9 6 -8 4 -8 7 -4 1 -8 13 -10 6 -7 6 -6 5 -10 10 -6 3 -6 8 -8 16 -11 12 -6 11 -12 10 -9 10 -8 5 -14 5 -9 9 -11 2 -10 0 0 0 0 0 0 0 0 0 0 0 0 0 0 0 0 0 0 0 0 0 0 0 -10 -8 -6 -8 -10 -11 -7 -5 -8 -10 -7 -11 -4 -9 -15 -14 -10 -9 -8 -12 -6 -11 -10 -9 -8 -8 -8 -9 -8 -9 -10 -9 -3 -7 -9 -7 -13 -6 -10 -4 -8 -5 -14 -4 -10 -5 -12 -5 -6 -5 -10 -4
CSI_DATA: -95 16 10 0 -14 6 -13 7 -13 5 -8 7 -11 13 -6 7 -4 10 -5 12 -4 7 -4 9 -6 10 0 12 -2 7 -4 13 0 13 -3 17 -2 14 -1 13 -3 15 -2 13 -2 14 -4 14 -8 13 -5 11 -7 14 0 0 0 0 0 0 0 0 0 0 0 0 0 0 0 0 0 0 0 0 0 0 -12 11 -16 8 -13 7 -16 11 -18 9 -14 9 -18 8 -19 5 -17 8 -17 6 -20 5 -17 10 -20 5 -20 5 -14 10 -24 9 -19 9 -23 5 -21 13 -20 7 -25 5 -17 6 -20 9 -23 7 -19 12 -17 8
CSI_DATA: 28 -64 1 0 -34 17 -29 18 -24 17 -20 14 -15 10 -13 5 -12 1 -12 -3 -13 -7 -15 -11 -16 -13 -19 -14 -21 -14 -22 -13 -22 -12 -21 -12 -20 -10 -18 -9 -15 -9 -12 -8 -9 -8 -6 -8 -2 -8 1 -9 5 -9 0 0 0 0 0 0 0 0 0 0 0 0 0 0 0 0 0 0 0 0 0 0 11 -1 8 2 5 5 2 8 -1 10 -4 14 -6 17 -8 20 -10 23 -10 25 -10 27 -9 28 -8 27 -6 26 -5 24 -4 21 -4 17 -6 12 -9 8 -13 4 -18 2 -23 1 -29 2 -34 3 -39 6 -41 10
CSI_DATA: 28 -64 1 0 20 -33 16 -30 12 -28 9 -22 8 -18 8 -13 8 -8 10 -4 12 -2 15 0 18 1 20 1 22 2 24 2 24 1 23 1 22 0 21 1 19 1 16 1 13 2 10 3 7 4 5 6 1 8 0 0 0 0 0 0 0 0 0 0 0 0 0 0 0 0 0 0 0 0 0 0 -9 2 -8 -3 -7 -7 -6 -10 -6 -14 -5 -18 -5 -21 -5 -24 -5 -27 -7 -27 -10 -28 -10 -27 -10 -26 -10 -24 -8 -21 -6 -19 -3 -15 1 -13 5 -11 11 -10 16 -11 21 -13 24 -18 26 -22 28 -27 29 -31
CSI_DATA: -95 16 10 0 5 7 6 5 6 5 7 6 10 5 8 4 9 3 12 1 11 3 11 7 13 0 14 0 14 3 16 -1 14 3 18 2 11 6 14 4 14 3 12 8 13 9 13 6 16 7 14 9 12 11 0 0 0 0 0 0 0 0 0 0 0 0 0 0 0 0 0 0 0 0 0 0 -6 8 -8 8 -10 7 -7 3 -9 7 -9 6 -11 6 -12 4 -7 6 -8 7 -10 8 -6 5 -7 7 -8 6 -5 9 -6 8 -7 9 -2 8 -4 7 -4 8 -7 9 -2 8 -3 9 -1 4 0 7 2 5
CSI_DATA: 28 -64 1 0 -14 -15 -13 -18 -13 -20 -14 -22 -16 -23 -18 -23 -19 -21 -20 -19 -20 -17 -20 -14 -19 -12 -17 -11 -14 -10 -11 -9 -9 -10 -6 -10 -4 -11 -2 -12 0 -13 1 -15 2 -16 3 -16 4 -17 5 -16 6 -15 0 0 0 0 0 0 0 0 0 0 0 0 0 0 0 0 0 0 0 0 0 0 -13 9 -15 9 -16 8 -16 8 -16 7 -16 6 -15 6 -15 4 -14 2 -13 0 -13 -2 -13 -6 -13 -9 -14 -12 -16 -14 -18 -16 -21 -16 -24 -16 -26 -15 -28 -14 -29 -12 -29 -10 -28 -8 -26 -7 -24 -7 -20 -8
CSI_DATA: 28 -64 1 0 44 9 45 7 46 2 44 -1 41 -4 37 -7 32 -7 27 -7 23 -5 21 -2 19 1 18 5 18 8 19 10 20 12 22 14 23 14 23 14 22 13 21 12 20 12 17 12 14 12 12 12 8 12 0 0 0 0 0 0 0 0 0 0 0 0 0 0 0 0 0 0 0 0 0 0 5 -25 6 -24 8 -22 8 -20 9 -17 10 -15 11 -12 14 -9 16 -6 20 -2 24 0 29 1 32 1 36 0 37 -3 39 -6 37 -9 36 -12 34 -12 31 -13 28 -11 26 -8 26 -4 27 1 30 6 33 9
CSI_DATA: -95 16 10 0 10 -3 2 -4 3 3 5 3 6 8 9 3 10 3 10 3 12 8 13 4 15 1 14 3 10 8 14 7 15 7 14 11 14 11 13 6 13 15 14 11 12 11 13 12 10 8 8 13 15 15 0 0 0 0 0 0 0 0 0 0 0 0 0 0 0 0 0 0 0 0 0 0 -3 -15 -5 -14 -1 -12 1 -11 -4 -13 -4 -16 -2 -13 -3 -17 -2 -16 -4 -12 -3 -9 0 -12 -3 -15 0 -8 5 -15 -3 -9 -7 -10 -6 -9 -2 -10 -3 -10 -5 -9 -1 -2 -1 -3 -3 -2 -1 -6 2 -7
CSI_DATA: -95 16 10 0 -10 -2 -7 -5 -3 2 -7 -2 -8 2 -5 0 -1 5 -3 7 -4 1 1 5 -3 6 1 6 1 10 -5 6 -1 2 0 9 -2 11 0 9 -2 9 3 9 -1 5 -1 4 1 9 1 9 -2 11 0 0 0 0 0 0 0 0 0 0 0 0 0 0 0 0 0 0 0 0 0 0 -9 -14 -6 -12 -10 -10 -1 -12 -6 -11 -6 -14 -4 -13 -2 -16 -1 -15 -8 -12 -9 -14 -6 -14 -3 -16 -6 -17 -4 -12 -9 -11 -9 -8 -7 -8 -8 -14 -7 -10 -9 -7 -6 -9 -12 -9 -9 -2 -8 -7 -5 -5
CSI_DATA: -95 16 10 0 -7 -18 -15 -12 -12 -16 -7 -13 -14 -13 -17 -8 -14 -9 -14 -10 -19 -7 -16 -9 -17 -8 -19 -8 -25 -12 -18 -10 -18 -14 -20 -12 -24 -8 -25 -10 -18 -10 -19 -14 -16 -14 -15 -14 -16 -15 -12 -15 -9 -16 0 0 0 0 0 0 0 0 0 0 0 0 0 0 0 0 0 0 0 0 0 0 -3 -18 -2 -23 -1 -25 -2 -24 -2 -23 -1 -21 3 -22 0 -26 0 -27 1 -24 -3 -28 5 -25 4 -27 3 -24 1 -27 0 -19 -3 -17 3 -25 1 -23 -1 -19 -3 -21 -2 -22 -3 -20 -3 -22 -7 -22 -4 -18
CSI_DATA: -95 16 10 0 3 -5 8 -5 2 -4 2 -6 -7 -6 -1 -2 -3 -5 -4 -6 -5 -8 -8 -9 -8 -8 -9 -11 -8 -12 -9 -7 -12 -8 -12 -10 -8 -11 -13 -12 -11 -13 -9 -13 -8 -10 -11 -11 -7 -13 -7 -12 -6 -11 0 0 0 0 0 0 0 0 0 0 0 0 0 0 0 0 0 0 0 0 0 0 19 -7 17 -5 16 -7 15 -3 12 -4 20 -3 18 -3 15 -2 18 -1 17 1 20 -6 16 -1 17 2 17 -4 22 1 16 1 18 -1 16 -2 17 -4 16 -5 11 -4 14 -2 13 -3 10 -4 11 -2 11 -8
CSI_DATA: 28 -64 1 0 10 -15 11 -10 14 -5 17 -2 21 1 24 1 27 0 29 -2 30 -4 29 -7 27 -9 25 -10 23 -9 19 -10 16 -8 13 -5 10 -2 8 1 6 4 4 8 3 11 2 14 1 16 1 18 -1 19 0 0 0 0 0 0 0 0 0 0 0 0 0 0 0 0 0 0 0 0 0 0 -11 -9 -10 -13 -10 -15 -10 -18 -10 -20 -10 -21 -9 -21 -9 -21 -9 -21 -7 -19 -6 -18 -4 -17 -1 -14 3 -13 7 -12 11 -12 16 -13 19 -15 22 -18 24 -21 24 -25 24 -29 22 -31 19 -33 17 -33 14 -30
CSI_DATA: 28 -64 1 0 -3 40 -1 34 0 28 -1 22 -4 17 -7 13 -12 11 -16 11 -20 12 -23 14 -24 16 -25 18 -24 20 -22 22 -20 22 -17 20 -15 19 -13 16 -11 12 -10 8 -9 4 -9 0 -9 -4 -9 -8 -9 -12 0 0 0 0 0 0 0 0 0 0 0 0 0 0 0 0 0 0 0 0 0 0 13 -2 11 3 9 6 8 10 7 13 7 17 6 20 6 23 7 26 8 27 9 29 10 28 10 27 10 25 8 22 6 20 3 18 -1 17 -5 17 -10 19 -14 22 -17 27 -19 32 -19 37 -17 43 -15 46
CSI_DATA: 28 -64 1 0 1 21 -1 24 -1 28 1 30 2 32 5 32 7 31 9 29 10 26 11 23 10 19 8 15 6 12 2 10 -1 8 -5 7 -8 6 -12 6 -14 5 -16 5 -18 6 -19 6 -20 6 -20 5 -19 3 0 0 0 0 0 0 0 0 0 0 0 0 0 0 0 0 0 0 0 0 0 0 9 -18 10 -17 12 -16 12 -15 12 -14 12 -12 12 -10 11 -7 11 -4 11 -1 11 3 12 7 13 11 15 14 17 17 19 19 22 20 25 20 27 18 28 16 28 14 27 12 25 10 21 9 17 10 12 11
CSI_DATA: 28 -64 1 0 5 23 2 20 -1 18 -5 17 -7 18 -10 20 -11 22 -11 24 -10 26 -8 28 -6 27 -4 27 -1 25 -1 23 0 19 -1 16 -2 13 -4 10 -6 7 -9 5 -12 4 -14 3 -16 2 -18 1 -19 0 0 0 0 0 0 0 0 0 0 0 0 0 0 0 0 0 0 0 0 0 0 0 11 5 10 8 10 10 10 13 10 15 10 17 11 18 12 19 12 20 12 19 11 19 10 18 8 16 6 16 3 16 0 17 -3 18 -5 21 -6 24 -6 28 -5 31 -3 35 -1 37 3 38 6 37 8 35
CSI_DATA: 28 -64 1 0 -36 5 -31 5 -25 5 -21 2 -17 -1 -15 -5 -13 -9 -14 -13 -15 -16 -17 -18 -20 -19 -22 -19 -23 -18 -24 -16 -24 -14 -23 -13 -21 -11 -18 -9 -15 -8 -12 -7 -8 -7 -4 -7 -1 -8 3 -9 7 -9 0 0 0 0 0 0 0 0 0 0 0 0 0 0 0 0 0 0 0 0 0 0 -1 10 -5 9 -9 9 -12 10 -15 10 -18 10 -20 11 -22 12 -23 13 -24 13 -23 14 -22 14 -21 13 -19 11 -18 9 -16 6 -16 2 -17 -2 -19 -5 -22 -8 -26 -11 -31 -12 -36 -11 -40 -10 -43 -7 -45 -3
CSI_DATA: 28 -64 1 0 23 -26 19 -23 15 -19 13 -14 13 -9 14 -5 16 -1 19 1 22 2 25 2 27 0 28 -1 29 -3 27 -5 26 -6 22 -6 20 -6 16 -5 12 -3 10 -1 7 2 5 5 3 9 2 11 -1 14 0 0 0 0 0 0 0 0 0 0 0 0 0 0 0 0 0 0 0 0 0 0 -9 -8 -5 -10 -2 -12 1 -14 4 -15 6 -18 7 -20 9 -22 10 -24 10 -25 10 -26 10 -27 8 -25 8 -23 7 -20 8 -17 9 -14 12 -11 15 -9 20 -8 25 -8 29 -11 33 -13 36 -17 37 -22 36 -26
CSI_DATA: -95 16 10 0 -17 -13 -26 -7 -24 -11 -24 -11 -18 -6 -25 -9 -20 -1 -26 -1 -25 -3 -19 0 -23 -2 -25 -2 -20 2 -23 3 -27 2 -24 0 -22 -1 -24 -3 -27 0 -25 -6 -24 -3 -21 -3 -23 -6 -19 -6 -18 -4 0 0 0 0 0 0 0 0 0 0 0 0 0 0 0 0 0 0 0 0 0 0 -11 -9 -8 -14 -11 -16 -14 -12 -14 -14 -10 -14 -13 -15 -14 -16 -11 -15 -10 -17 -14 -15 -17 -21 -13 -14 -15 -9 -18 -20 -17 -18 -17 -18 -20 -14 -18 -17 -20 -15 -17 -15 -21 -13 -22 -12 -21 -12 -23 -13 -21 -18
CSI_DATA: 28 -64 1 0 23 -6 22 -7 20 -9 18 -9 15 -9 12 -9 10 -7 8 -6 7 -3 7 -1 7 1 7 3 8 5 10 6 11 6 12 7 12 6 12 6 12 5 11 5 10 4 9 4 7 4 6 4 4 4 0 0 0 0 0 0 0 0 0 0 0 0 0 0 0 0 0 0 0 0 0 0 -6 -7 -4 -7 -3 -7 0 -7 1 -7 3 -7 5 -8 7 -8 9 -9 11 -9 12 -10 13 -11 13 -12 12 -13 11 -13 10 -13 9 -12 8 -11 7 -9 8 -7 8 -5 10 -3 12 -1 15 0 18 0 21 -1
CSI_DATA: 28 -64 1 0 15 37 17 34 19 31 20 26 19 22 17 18 14 15 10 12 6 11 2 11 -1 12 -4 14 -6 16 -8 18 -8 20 -8 22 -8 23 -7 22 -6 21 -5 20 -5 19 -5 17 -5 14 -6 11 -6 7 0 0 0 0 0 0 0 0 0 0 0 0 0 0 0 0 0 0 0 0 0 0 9 -12 10 -8 10 -5 10 -2 10 1 11 4 12 8 13 11 15 14 17 16 18 18 20 19 22 18 23 17 23 16 23 14 21 12 19 11 16 10 13 11 9 13 7 16 4 21 4 25 4 31 6 35
CSI_DATA: 28 -64 1 0 38 -13 35 -15 32 -18 27 -18 23 -17 18 -15 15 -12 13 -8 12 -4 12 0 13 4 15 6 17 8 19 9 21 9 22 9 23 8 22 7 20 6 19 5 16 5 13 4 10 5 7 5 3 6 0 0 0 0 0 0 0 0 0 0 0 0 0 0 0 0 0 0 0 0 0 0 -13 -12 -10 -12 -7 -12 -4 -12 -1 -11 2 -12 6 -12 9 -13 13 -14 16 -15 18 -17 20 -19 21 -21 20 -22 18 -23 17 -24 14 -22 13 -21 11 -17 12 -14 13 -10 16 -7 20 -5 25 -3 30 -3 35 -4
CSI_DATA: -95 16 10 0 15 14 19 14 20 8 16 6 15 11 14 6 17 11 19 7 18 4 22 8 22 10 17 9 24 10 23 10 20 11 20 11 20 10 21 15 18 15 14 14 16 15 13 16 15 16 12 18 12 18 0 0 0 0 0 0 0 0 0 0 0 0 0 0 0 0 0 0 0 0 0 0 9 9 11 3 9 7 8 6 11 8 9 10 10 7 10 9 8 11 7 10 8 13 6 10 6 8 5 11 11 12 8 11 11 10 9 12 14 12 7 15 9 11 14 11 13 12 13 12 16 9 17 8
CSI_DATA: 28 -64 1 0 25 -32 21 -33 17 -33 13 -30 9 -27 7 -23 6 -19 7 -14 8 -10 11 -7 14 -5 17 -4 19 -4 22 -5 23 -6 24 -6 23 -7 22 -8 20 -8 18 -8 16 -7 13 -5 11 -3 9 0 6 3 0 0 0 0 0 0 0 0 0 0 0 0 0 0 0 0 0 0 0 0 0 0 -17 -4 -15 -6 -12 -7 -9 -8 -6 -9 -4 -12 -1 -14 2 -16 5 -19 7 -22 8 -25 8 -27 7 -29 6 -30 4 -30 2 -30 1 -27 0 -25 1 -21 3 -18 6 -16 10 -15 15 -15 20 -16 25 -19 28 -23
CSI_DATA: 28 -64 1 0 -25 1 -24 3 -21 5 -19 6 -16 6 -13 5 -11 3 -9 2 -8 -1 -8 -3 -8 -6 -9 -7 -9 -8 -11 -9 -11 -9 -12 -10 -12 -9 -12 -8 -11 -8 -11 -7 -9 -6 -8 -6 -5 -5 -4 -5 -2 -5 0 0 0 0 0 0 0 0 0 0 0 0 0 0 0 0 0 0 0 0 0 0 6 7 4 7 3 7 1 6 -1 6 -3 6 -6 5 -8 5 -10 6 -12 6 -14 7 -15 8 -15 9 -15 10 -14 11 -13 12 -12 11 -10 10 -9 8 -9 6 -9 3 -11 1 -13 -1 -15 -3 -19 -3 -21 -3
CSI_DATA: 28 -64 1 0 -21 -29 -18 -23 -14 -19 -10 -15 -5 -13 0 -13 4 -13 8 -15 11 -18 12 -21 12 -24 11 -25 9 -26 8 -27 6 -25 5 -24 4 -20 3 -17 3 -13 4 -9 4 -6 6 -2 7 1 9 5 10 8 0 0 0 0 0 0 0 0 0 0 0 0 0 0 0 0 0 0 0 0 0 0 -5 8 -8 5 -10 2 -12 -1 -14 -4 -16 -7 -19 -8 -21 -10 -23 -11 -25 -11 -26 -11 -26 -10 -25 -9 -22 -8 -19 -7 -16 -8 -12 -9 -8 -12 -5 -15 -3 -19 -3 -25 -4 -30 -6 -35 -9 -38 -13 -40 -16 -40
CSI_DATA: 28 -64 1 0 34 8 30 6 27 4 23 5 20 5 17 7 17 9 16 11 17 13 18 14 20 14 21 13 23 12 23 11 22 9 22 8 19 6 17 6 14 5 12 6 9 6 6 8 4 10 2 11 0 13 0 0 0 0 0 0 0 0 0 0 0 0 0 0 0 0 0 0 0 0 0 0 11 -8 12 -5 13 -2 13 1 15 3 16 5 18 7 20 8 21 9 23 10 24 10 24 9 24 8 23 8 22 7 20 7 18 8 17 9 17 12 18 15 19 17 22 19 25 21 30 22 33 20 36 18
CSI_DATA: 28 -64 1 0 -29 14 -24 13 -23 12 -20 10 -18 8 -17 4 -17 2 -17 2 -20 -1 -21 -1 -22 -1 -22 0 -22 1 -23 5 -21 6 -22 5 -19 5 -17 5 -16 4 -14 2 -12 1 -11 -2 -10 -3 -8 -6 -7 -8 0 0 0 0 0 0 0 0 0 0 0 0 0 0 0 0 0 0 0 0 0 0 -6 10 -8 8 -10 8 -12 6 -15 7 -16 5 -19 5 -20 4 -21 7 -23 5 -23 5 -23 5 -22 6 -21 6 -19 5 -18 6 -18 4 -19 3 -19 0 -22 -1 -24 -4 -27 -1 -31 -3 -34 0 -35 2 -35 4
CSI_DATA: 28 -64 1 0 39 9 39 6 39 2 36 -1 33 -3 28 -5 24 -5 19 -4 15 -2 13 1 11 5 10 9 11 12 12 15 13 16 15 18 16 18 16 18 17 16 16 15 15 13 13 12 10 11 7 9 4 8 0 0 0 0 0 0 0 0 0 0 0 0 0 0 0 0 0 0 0 0 0 0 -4 -20 -2 -19 0 -18 2 -16 4 -14 6 -12 9 -10 12 -8 15 -7 19 -5 22 -5 26 -5 28 -5 30 -7 29 -9 30 -11 27 -12 26 -13 23 -12 21 -10 19 -8 19 -4 19 0 22 5 26 8 29 11
CSI_DATA: 82 32 5 0 -26 -5 -25 -4 -25 -5 -24 -4 -24 -3 -24 -3 -23 -3 -23 -2 -23 -3 -23 -2 -22 -2 -22 -2 -21 -2 -22 -2 -21 -2 -20 -2 -20 -2 -19 -2 -18 -3 -18 -3 -16 -3 -16 -3 -15 -3 -15 -4 -14 -4 0 0 0 0 0 0 0 0 0 0 0 0 0 0 0 0 0 0 0 0 0 0 -17 -1 -16 -2 -17 -3 -17 -3 -18 -3 -19 -4 -20 -4 -20 -5 -21 -5 -22 -6 -22 -6 -23 -7 -22 -6 -23 -7 -23 -7 -23 -7 -23 -7 -24 -7 -23 -6 -24 -6 -24 -5 -25 -5 -25 -6 -25 -5 -26 -5 -26 -6
CSI_DATA: 28 -64 1 0 13 19 9 19 6 21 4 22 3 25 4 27 5 28 7 29 9 28 11 27 13 24 13 22 13 20 11 17 9 15 6 14 3 12 0 12 -3 12 -6 12 -8 13 -10 13 -12 14 -13 14 -14 13 0 0 0 0 0 0 0 0 0 0 0 0 0 0 0 0 0 0 0 0 0 0 14 2 14 5 16 7 17 9 17 10 18 12 19 12 19 12 19 12 18 12 16 12 15 12 13 13 10 14 8 16 6 19 5 22 6 25 7 28 10 30 13 32 16 32 19 32 22 30 23 28 22 26
CSI_DATA: 28 -64 1 0 15 14 16 13 17 11 16 9 16 7 14 5 12 4 10 4 8 4 6 5 6 6 5 7 5 9 5 10 5 10 6 11 6 11 6 11 6 10 5 9 5 8 4 8 3 7 1 6 -1 5 0 0 0 0 0 0 0 0 0 0 0 0 0 0 0 0 0 0 0 0 0 0 7 -8 7 -6 7 -5 7 -4 7 -3 6 -1 7 0 7 2 8 4 8 6 10 7 11 8 12 8 13 8 14 7 14 7 14 5 15 4 14 4 12 4 11 4 10 5 9 7 9 9 10 11 11 13
CSI_DATA: 28 -64 1 0 2 39 4 33 4 28 2 21 0 16 -4 12 -9 9 -13 9 -18 9 -22 10 -24 12 -25 15 -24 17 -24 19 -22 19 -19 19 -17 17 -15 15 -12 12 -10 9 -9 5 -7 1 -7 -4 -6 -8 -5 -12 0 0 0 0 0 0 0 0 0 0 0 0 0 0 0 0 0 0 0 0 0 0 10 -7 10 -3 10 1 10 6 11 10 11 13 12 17 14 20 16 22 16 23 17 24 18 24 18 22 17 20 15 17 12 16 8 14 4 14 -1 15 -6 18 -10 22 -12 27 -14 33 -14 38 -12 42 -9 46
CSI_DATA: 28 -64 1 0 22 15 23 14 23 13 23 12 23 10 22 9 21 7 20 6 19 5 18 5 17 5 16 5 15 6 15 6 15 6 15 7 14 7 13 7 13 7 12 7 12 7 11 7 10 8 8 8 6 9 0 0 0 0 0 0 0 0 0 0 0 0 0 0 0 0 0 0 0 0 0 0 17 0 17 2 17 3 17 4 17 5 16 5 15 7 15 8 14 9 14 10 13 12 13 14 13 15 14 17 15 17 16 18 18 18 19 18 21 17 22 16 22 15 23 14 23 13 23 13 23 14 22 14
CSI_DATA: 28 -64 1 0 30 -22 27 -23 23 -24 20 -22 16 -21 14 -19 13 -16 13 -14 14 -11 15 -10 17 -9 18 -9 20 -10 20 -11 20 -12 20 -13 19 -13 17 -13 15 -12 13 -11 12 -9 11 -6 10 -4 10 -1 10 3 0 0 0 0 0 0 0 0 0 0 0 0 0 0 0 0 0 0 0 0 0 0 1 -19 3 -18 4 -16 6 -15 7 -13 9 -12 11 -11 14 -10 16 -9 19 -9 21 -10 23 -10 24 -12 25 -13 24 -15 23 -16 21 -17 20 -17 19 -16 18 -14 19 -12 21 -11 23 -11 26 -10 30 -11 32 -14
CSI_DATA: -95 16 10 0 8 -20 9 -15 6 -18 6 -14 4 -20 -3 -17 5 -19 0 -15 1 -18 -1 -20 2 -17 -2 -17 -1 -18 -4 -19 -1 -19 0 -23 -1 -19 -2 -20 -2 -16 0 -21 5 -18 3 -14 3 -14 2 -15 6 -17 0 0 0 0 0 0 0 0 0 0 0 0 0 0 0 0 0 0 0 0 0 0 5 -11 8 -8 8 -11 10 -12 7 -8 8 -14 12 -13 11 -10 9 -9 10 -11 10 -12 15 -9 15 -13 12 -8 12 -13 12 -18 8 -15 14 -15 12 -14 13 -12 11 -14 12 -17 7 -17 14 -15 9 -19 14 -15
CSI_DATA: -95 16 10 0 -2 -15 -4 -18 -10 -17 -10 -18 -8 -16 -14 -20 -14 -12 -10 -12 -14 -12 -13 -13 -10 -12 -9 -16 -17 -13 -11 -16 -9 -19 -12 -11 -6 -16 -10 -15 -11 -15 -5 -15 -5 -16 -9 -17 -8 -13 -7 -18 -1 -16 0 0 0 0 0 0 0 0 0 0 0 0 0 0 0 0 0 0 0 0 0 0 -7 -13 -7 -12 -2 -14 -6 -15 -5 -14 -4 -15 -4 -15 -4 -15 3 -21 -4 -19 -1 -20 2 -16 -2 -16 -5 -23 -2 -13 -2 -12 -6 -17 -4 -17 -4 -17 -7 -16 0 -21 -4 -19 -2 -22 -2 -20 -6 -19 -5 -19
CSI_DATA: -95 16 10 0 -19 -4 -16 -5 -14 -5 -22 -1 -14 1 -17 -1 -16 3 -15 0 -20 3 -20 0 -15 1 -16 10 -19 4 -20 7 -19 -1 -20 6 -18 4 -19 7 -18 5 -19 6 -18 3 -18 -2 -16 1 -17 2 -17 -1 0 0 0 0 0 0 0 0 0 0 0 0 0 0 0 0 0 0 0 0 0 0 -11 -10 -11 -8 -9 -9 -12 -5 -10 -9 -13 -11 -7 -9 -13 -14 -10 -11 -10 -11 -10 -13 -10 -14 -11 -14 -13 -11 -14 -13 -11 -10 -17 -14 -14 -11 -15 -13 -10 -8 -20 -8 -18 -12 -16 -16 -19 -11 -15 -6 -15 -11
CSI_DATA: 28 -64 1 0 28 11 21 7 15 2 10 -4 4 -10 0 -15 -4 -20 -6 -25 -7 -27 -8 -31 -8 -32 -7 -33 -5 -32 -3 -30 -1 -26 0 -22 0 -18 0 -13 -2 -9 -4 -5 -7 -3 -10 -1 -14 -1 -17 -2 -19 -5 0 0 0 0 0 0 0 0 0 0 0 0 0 0 0 0 0 0 0 0 0 0 -4 3 -3 7 -3 10 -4 15 -6 19 -9 21 -13 23 -16 24 -19 24 -22 22 -22 20 -22 18 -19 15 -16 12 -10 10 -4 9 2 7 10 7 17 7 24 9 31 10 37 12 41 14 44 16 45 17 44 17
CSI_DATA: 28 -64 1 0 29 6 33 6 36 4 37 2 37 0 36 -3 33 -6 30 -7 25 -8 21 -7 18 -5 15 -2 13 2 11 5 10 9 10 13 11 15 11 17 12 18 12 19 11 19 11 18 9 18 8 17 6 15 0 0 0 0 0 0 0 0 0 0 0 0 0 0 0 0 0 0 0 0 0 0 -9 -21 -8 -22 -7 -22 -6 -22 -5 -20 -3 -19 -2 -16 1 -15 4 -13 8 -11 12 -9 16 -8 20 -8 24 -9 28 -11 29 -13 30 -16 30 -19 29 -21 26 -22 24 -23 21 -21 18 -18 17 -14 18 -9 20 -4
CSI_DATA: 82 32 5 0 12 -13 11 -8 12 -13 11 -12 8 -8 16 -12 8 -13 9 -3 15 -11 8 -8 2 -11 5 -11 8 -14 12 -7 9 -9 8 -5 12 -7 8 -8 3 -6 7 -6 7 -7 3 -6 9 -5 7 -2 9 -3 0 0 0 0 0 0 0 0 0 0 0 0 0 0 0 0 0 0 0 0 0 0 7 1 8 -1 5 -4 9 -3 9 -5 8 -2 11 0 6 -2 10 -6 14 -4 13 0 7 -3 15 -3 7 -5 11 -3 11 -3 14 -5 8 -4 14 -10 10 -12 15 -5 12 -7 12 -8 17 -10 16 -9 14 -4
CSI_DATA: 28 -64 1 0 23 -23 23 -24 23 -25 21 -26 19 -27 16 -27 14 -26 12 -26 10 -24 9 -23 8 -20 9 -18 9 -17 11 -16 12 -15 13 -14 14 -14 15 -14 15 -14 15 -13 15 -13 14 -12 14 -11 14 -9 14 -6 0 0 0 0 0 0 0 0 0 0 0 0 0 0 0 0 0 0 0 0 0 0 2 -20 4 -20 5 -19 6 -19 7 -18 8 -18 9 -17 10 -16 12 -15 13 -14 16 -14 18 -13 20 -13 22 -14 23 -16 24 -17 24 -19 23 -21 22 -23 21 -24 19 -25 18 -24 18 -24 18 -23 19 -22 21 -23
CSI_DATA: 28 -64 1 0 -31 -33 -29 -29 -25 -24 -21 -19 -16 -14 -11 -9 -5 -4 1 0 6 4 11 7 15 9 19 11 21 13 22 14 22 15 21 15 19 15 17 14 14 13 11 11 7 8 4 6 1 3 -1 -1 -2 -4 0 0 0 0 0 0 0 0 0 0 0 0 0 0 0 0 0 0 0 0 0 0 -13 -6 -8 -5 -4 -3 0 1 4 4 7 9 9 14 11 18 13 22 14 26 14 29 14 30 14 31 13 29 12 26 10 23 8 18 6 12 3 5 -1 -2 -6 -9 -11 -16 -16 -22 -21 -27 -26 -32 -29 -36
CSI_DATA: 28 -64 1 0 -40 -24 -36 -20 -31 -17 -25 -13 -19 -9 -12 -6 -5 -3 2 -1 9 1 14 2 19 3 23 4 26 4 27 4 27 5 27 5 24 6 22 6 18 6 14 5 10 4 5 3 1 1 -2 -1 -5 -4 0 0 0 0 0 0 0 0 0 0 0 0 0 0 0 0 0 0 0 0 0 0 -13 -6 -9 -5 -4 -4 0 -1 4 3 8 7 11 12 14 17 16 21 17 25 18 27 18 29 18 29 17 28 16 25 14 22 11 16 7 11 3 5 -3 -2 -9 -8 -16 -13 -22 -19 -28 -23 -34 -26 -38 -28
CSI_DATA: -95 16 10 0 24 -9 18 -6 21 -5 17 -10 18 -11 17 -7 14 -9 14 -8 15 -6 14 -4 13 -5 14 -9 6 -10 11 -2 11 2 8 -3 9 -4 9 -1 4 -4 6 1 0 -2 5 -1 2 -3 -2 -1 1 1 0 0 0 0 0 0 0 0 0 0 0 0 0 0 0 0 0 0 0 0 0 0 6 -4 5 -4 7 -6 8 -3 7 -5 10 -7 12 -4 12 -5 12 -5 10 -3 15 -5 14 -6 15 -6 11 -3 8 -2 10 -8 16 -6 17 -8 18 -10 14 -9 13 -5 17 -6 22 -8 16 -11 17 -3 23 -8
CSI_DATA: 28 -64 1 0 -38 -17 -36 -16 -31 -14 -27 -11 -22 -8 -17 -5 -11 -2 -5 0 0 2 5 4 10 6 13 8 16 9 18 10 18 11 19 12 19 12 17 12 15 11 13 10 11 10 8 8 6 6 4 4 2 1 0 0 0 0 0 0 0 0 0 0 0 0 0 0 0 0 0 0 0 0 0 0 -9 3 -5 1 -1 0 4 -1 8 0 13 1 17 3 21 5 24 7 26 10 28 11 28 13 28 14 26 13 23 12 20 11 16 8 11 5 5 1 -1 -2 -8 -6 -15 -9 -21 -13 -27 -15 -32 -18 -37 -19
CSI_DATA: 28 -64 1 0 -58 -8 -52 -7 -46 -5 -38 -3 -30 -1 -21 0 -12 2 -4 2 5 3 13 3 19 3 24 4 27 3 31 2 31 3 32 5 30 5 28 5 24 4 20 5 17 4 12 4 7 3 4 0 1 -3 0 0 0 0 0 0 0 0 0 0 0 0 0 0 0 0 0 0 0 0 0 0 -17 9 -12 4 -7 1 -1 -1 6 -1 14 -2 20 -1 28 0 34 2 38 8 40 11 43 13 43 14 40 15 37 12 34 10 26 8 20 5 11 2 1 0 -9 -3 -21 -4 -30 -9 -40 -12 -49 -13 -55 -12
CSI_DATA: 28 -64 1 0 43 25 40 23 34 19 29 15 23 11 17 7 10 2 3 -2 -3 -5 -9 -8 -14 -11 -18 -13 -21 -16 -22 -17 -23 -18 -23 -18 -21 -19 -19 -18 -16 -17 -14 -15 -11 -13 -8 -10 -5 -7 -4 -3 -3 0 0 0 0 0 0 0 0 0 0 0 0 0 0 0 0 0 0 0 0 0 0 0 14 -8 10 -4 5 -1 -1 -1 -7 -1 -13 -2 -19 -5 -24 -8 -29 -11 -32 -14 -34 -17 -36 -19 -36 -20 -34 -21 -31 -20 -27 -17 -22 -14 -16 -10 -9 -5 -2 0 6 5 14 11 22 15 30 20 37 24 42 27
CSI_DATA: 28 -64 1 0 16 -15 13 -9 11 -2 10 5 11 11 13 16 16 19 18 21 20 22 23 22 23 20 23 18 22 16 20 14 17 12 13 10 9 9 4 8 -1 7 -5 6 -9 5 -13 5 -16 4 -18 3 -20 1 0 0 0 0 0 0 0 0 0 0 0 0 0 0 0 0 0 0 0 0 0 0 -8 -4 -9 -9 -11 -13 -12 -17 -13 -20 -14 -22 -15 -23 -15 -25 -16 -25 -15 -23 -14 -22 -12 -20 -9 -16 -4 -13 1 -10 6 -8 12 -6 18 -6 24 -8 30 -11 33 -14 36 -18 37 -22 37 -25 34 -27 31 -28
CSI_DATA: 28 -64 1 0 21 6 12 5 3 5 -5 6 -11 8 -17 11 -21 14 -25 17 -27 20 -28 21 -27 22 -26 22 -24 22 -21 21 -18 18 -16 15 -13 10 -10 7 -7 3 -4 -2 -2 -5 1 -8 4 -11 8 -13 11 -14 0 0 0 0 0 0 0 0 0 0 0 0 0 0 0 0 0 0 0 0 0 0 -12 -15 -12 -19 -12 -24 -12 -27 -11 -29 -10 -31 -10 -31 -9 -31 -8 -29 -6 -26 -4 -22 -2 -17 0 -12 3 -6 7 1 10 8 15 13 21 17 26 20 32 23 37 24 42 23 44 23 45 21 45 18 42 14
CSI_DATA: 28 -64 1 0 50 1 43 -2 36 -3 29 -3 21 -1 14 2 9 6 4 11 1 16 0 21 0 26 0 29 1 31 3 32 3 31 4 31 4 28 3 26 3 22 1 18 0 15 -3 11 -5 7 -6 2 -8 -2 0 0 0 0 0 0 0 0 0 0 0 0 0 0 0 0 0 0 0 0 0 0 -10 -2 -6 -6 -2 -11 2 -16 6 -19 9 -23 12 -27 14 -31 16 -34 17 -36 16 -37 15 -37 14 -35 12 -32 10 -27 9 -22 9 -15 11 -8 14 -2 18 5 24 10 31 15 38 16 46 17 52 16 55 13
CSI_DATA: -95 16 10 0 -9 -15 -7 -9 -9 -14 -8 -8 -6 -11 -11 -11 -7 -11 -6 -6 -11 -2 -5 -11 -9 -2 -9 -7 -8 -8 -10 -6 -2 -5 -6 -7 -6 -6 -6 -4 -11 -3 -4 -5 -6 -6 -6 -2 -1 -6 -1 -1 -5 -4 0 0 0 0 0 0 0 0 0 0 0 0 0 0 0 0 0 0 0 0 0 0 0 -1 3 -1 -1 -5 4 -3 2 -2 2 -6 4 -3 -1 -2 3 -8 5 -4 0 -3 2 -7 5 -7 5 -7 5 -6 1 -6 2 -7 4 -7 2 -9 0 -11 4 -12 3 -12 -5 -13 -5 -13 2 -13 -2 -15
CSI_DATA: 28 -64 1 0 -16 11 -19 11 -22 12 -23 14 -24 16 -23 17 -21 19 -19 20 -17 20 -14 18 -12 16 -11 13 -10 11 -10 8 -10 5 -12 2 -12 0 -14 -2 -15 -3 -16 -4 -16 -5 -16 -5 -16 -7 -16 -7 -14 -8 0 0 0 0 0 0 0 0 0 0 0 0 0 0 0 0 0 0 0 0 0 0 13 13 13 15 12 16 13 17 12 17 12 17 11 16 10 15 8 14 5 13 1 13 -3 12 -6 13 -10 14 -13 16 -16 19 -17 22 -17 25 -15 28 -13 30 -10 31 -8 30 -6 29 -5 26 -6 23 -7 20
CSI_DATA: 82 32 5 0 -20 -17 -20 -16 -19 -16 -19 -16 -19 -15 -19 -14 -18 -14 -19 -14 -19 -14 -19 -13 -19 -12 -19 -12 -19 -12 -18 -12 -18 -12 -17 -12 -17 -12 -16 -12 -15 -12 -14 -11 -13 -11 -13 -11 -12 -10 -12 -10 -11 -11 0 0 0 0 0 0 0 0 0 0 0 0 0 0 0 0 0 0 0 0 0 0 -14 -9 -14 -10 -14 -11 -14 -12 -14 -12 -15 -13 -15 -14 -15 -15 -15 -16 -16 -16 -16 -17 -16 -17 -16 -17 -16 -17 -16 -17 -17 -18 -17 -18 -17 -18 -17 -17 -17 -17 -18 -17 -18 -17 -19 -17 -19 -17 -19 -17 -19 -17
CSI_DATA: 28 -64 1 0 -2 -39 -4 -35 -5 -31 -5 -26 -4 -22 -1 -19 2 -17 5 -17 8 -17 9 -19 10 -20 10 -21 10 -23 10 -24 8 -23 7 -22 6 -21 6 -20 5 -17 5 -14 6 -12 7 -9 8 -6 9 -4 11 -1 0 0 0 0 0 0 0 0 0 0 0 0 0 0 0 0 0 0 0 0 0 0 -16 -2 -13 -4 -10 -7 -7 -10 -5 -13 -3 -16 -2 -20 -2 -24 -1 -26 -3 -29 -4 -31 -6 -31 -7 -30 -8 -29 -9 -27 -8 -25 -7 -22 -4 -20 0 -19 3 -19 6 -21 10 -24 12 -29 12 -33 11 -38 9 -42
CSI_DATA: 28 -64 1 0 -32 22 -28 21 -22 20 -19 17 -16 14 -15 10 -14 7 -16 4 -17 2 -19 1 -21 0 -23 1 -24 2 -24 3 -24 4 -23 5 -21 5 -19 5 -17 4 -15 3 -13 1 -11 -1 -10 -3 -8 -6 -7 -9 0 0 0 0 0 0 0 0 0 0 0 0 0 0 0 0 0 0 0 0 0 0 8 12 4 11 0 11 -4 10 -8 10 -11 11 -15 12 -18 14 -21 15 -22 17 -23 19 -23 21 -21 22 -19 22 -17 21 -16 19 -14 17 -14 13 -15 10 -17 7 -21 5 -25 4 -30 6 -34 7 -38 10 -39 15
CSI_DATA: 28 -64 1 0 -18 13 -18 10 -18 7 -19 4 -21 2 -22 2 -24 2 -25 4 -26 6 -25 7 -24 9 -22 9 -20 9 -18 9 -16 8 -14 5 -13 4 -12 1 -11 -1 -11 -3 -11 -6 -11 -8 -11 -9 -11 -11 -10 -12 0 0 0 0 0 0 0 0 0 0 0 0 0 0 0 0 0 0 0 0 0 0 -2 12 -5 13 -8 15 -10 16 -11 18 -12 19 -13 20 -13 21 -13 21 -12 20 -11 19 -11 17 -11 14 -12 11 -14 8 -17 7 -20 5 -23 5 -26 5 -29 8 -32 10 -33 14 -32 17 -31 20 -29 22 -26 22
CSI_DATA: 28 -64 1 0 -21 27 -18 26 -14 24 -12 21 -11 18 -10 15 -11 13 -12 12 -13 10 -15 10 -16 11 -17 11 -18 12 -17 13 -17 14 -16 13 -15 13 -14 12 -13 11 -12 9 -11 7 -11 5 -11 3 -11 0 -11 -2 0 0 0 0 0 0 0 0 0 0 0 0 0 0 0 0 0 0 0 0 0 0 5 11 1 11 -2 10 -6 11 -8 12 -11 13 -13 14 -15 16 -16 17 -17 19 -17 21 -17 21 -15 21 -14 21 -13 20 -12 18 -12 17 -12 14 -14 12 -16 11 -19 11 -22 12 -25 14 -27 17 -29 20 -29 24
CSI_DATA: 28 -64 1 0 -3 -39 -5 -36 -6 -32 -6 -28 -5 -24 -4 -21 -1 -20 1 -19 3 -20 4 -21 5 -22 5 -22 5 -24 5 -24 4 -24 3 -23 2 -23 2 -21 2 -19 2 -17 3 -15 4 -13 6 -11 8 -9 10 -7 0 0 0 0 0 0 0 0 0 0 0 0 0 0 0 0 0 0 0 0 0 0 -13 -7 -10 -9 -7 -11 -4 -14 -2 -16 -1 -19 0 -22 1 -25 1 -27 1 -29 0 -31 -2 -31 -3 -30 -4 -29 -4 -27 -4 -25 -3 -23 -1 -22 2 -21 5 -22 7 -24 10 -27 11 -31 11 -35 9 -38 8 -42
CSI_DATA: 28 -64 1 0 -44 22 -36 21 -34 23 -28 19 -25 17 -23 14 -22 11 -23 10 -25 7 -25 5 -27 5 -28 5 -27 7 -30 9 -26 9 -28 9 -25 9 -23 9 -21 9 -19 6 -18 4 -17 1 -16 -2 -15 -5 -14 -7 0 0 0 0 0 0 0 0 0 0 0 0 0 0 0 0 0 0 0 0 0 0 -4 17 -7 14 -12 12 -15 9 -19 8 -22 8 -26 9 -29 9 -32 10 -36 11 -36 11 -36 13 -35 14 -33 15 -29 14 -29 15 -26 12 -26 10 -26 6 -28 4 -31 2 -35 3 -42 3 -45 3 -49 6 -50 11
CSI_DATA: 28 -64 1 0 -22 3 -19 0 -17 -3 -16 -7 -17 -10 -19 -12 -20 -13 -22 -13 -24 -12 -25 -10 -25 -8 -24 -6 -23 -5 -21 -4 -18 -3 -15 -4 -12 -4 -10 -6 -7 -8 -5 -9 -4 -11 -3 -13 -1 -15 0 -15 2 -16 0 0 0 0 0 0 0 0 0 0 0 0 0 0 0 0 0 0 0 0 0 0 -6 10 -9 10 -13 10 -15 11 -17 12 -19 12 -20 14 -20 14 -20 15 -19 15 -18 14 -16 12 -15 9 -15 6 -15 2 -16 -1 -18 -4 -22 -7 -25 -8 -29 -8 -33 -7 -35 -5 -37 -1 -38 2 -37 5 -34 7
CSI_DATA: 28 -64 1 0 10 18 11 22 13 24 15 25 17 25 19 24 20 21 20 18 19 15 18 12 15 10 12 9 8 8 4 8 1 9 -2 11 -4 11 -6 12 -8 13 -9 14 -9 15 -10 15 -10 14 -10 13 -11 11 0 0 0 0 0 0 0 0 0 0 0 0 0 0 0 0 0 0 0 0 0 0 5 -21 7 -21 8 -21 9 -21 9 -20 9 -18 9 -16 8 -14 9 -10 10 -6 11 -3 13 2 15 5 19 8 22 10 25 11 28 10 30 9 32 7 32 4 32 2 30 0 26 -1 23 -1 19 2 15 5
CSI_DATA: 28 -64 1 0 33 20 31 15 27 11 22 9 17 7 11 8 6 9 3 11 -1 14 -2 17 -2 20 -2 23 -1 24 0 25 1 24 2 24 2 22 2 20 1 16 1 14 -1 11 -3 8 -5 5 -7 3 -9 0 0 0 0 0 0 0 0 0 0 0 0 0 0 0 0 0 0 0 0 0 0 0 -5 -12 -1 -10 3 -9 7 -6 11 -5 15 -3 18 -2 22 -2 26 -2 28 -2 30 -3 30 -4 29 -6 27 -7 24 -7 21 -6 17 -4 14 -1 12 4 11 9 11 15 14 20 16 25 21 28 25 30 30 31
CSI_DATA: 28 -64 1 0 13 15 13 17 14 18 15 20 17 20 18 19 20 17 20 15 20 13 19 11 18 9 16 8 14 7 12 7 9 7 7 8 5 9 3 10 2 11 1 12 0 13 -1 14 -2 14 -3 14 -4 14 0 0 0 0 0 0 0 0 0 0 0 0 0 0 0 0 0 0 0 0 0 0 16 -13 17 -11 18 -11 17 -10 17 -9 16 -7 15 -6 14 -4 13 -1 12 2 12 5 12 8 13 11 15 14 16 15 19 17 22 17 25 16 26 15 28 13 28 10 28 8 26 7 24 6 21 7 18 8
CSI_DATA: -95 16 10 0 -5 12 -11 12 -12 8 -3 12 -10 8 -7 12 -5 9 -7 10 -7 9 -4 7 -3 6 -6 10 -6 6 -7 5 -1 6 -3 3 -8 4 -7 -1 -4 -1 -3 -1 -4 -2 -2 -2 -2 -2 -6 -4 -3 -1 0 0 0 0 0 0 0 0 0 0 0 0 0 0 0 0 0 0 0 0 0 0 -3 4 -2 7 -1 5 -2 3 -1 4 -7 7 -8 3 -5 6 -8 4 -10 4 -10 3 -5 8 -8 7 -9 9 -9 5 -8 7 -10 5 -8 9 -4 4 -8 11 -10 13 -8 12 -5 12 -10 12 -10 13 -9 14
CSI_DATA: -95 16 10 0 8 16 7 18 7 15 7 15 6 14 8 14 1 12 0 12 8 10 1 8 5 12 1 9 0 6 2 5 3 6 0 4 5 4 -2 5 -1 4 0 3 1 5 0 -1 -4 1 -1 2 2 0 0 0 0 0 0 0 0 0 0 0 0 0 0 0 0 0 0 0 0 0 0 0 1 1 2 7 2 4 3 4 2 5 3 6 2 7 6 6 3 6 4 8 5 8 4 7 6 8 5 9 4 6 3 12 6 9 5 9 5 7 11 18 8 11 6 11 9 14 10 13 14 15 8 14
CSI_DATA: 28 -64 1 0 27 -20 29 -23 29 -27 27 -28 23 -29 20 -28 16 -27 14 -24 11 -19 10 -15 8 -9 8 -4 9 0 11 5 12 8 14 11 15 13 16 14 16 15 16 15 15 14 14 14 11 13 8 13 5 12 0 0 0 0 0 0 0 0 0 0 0 0 0 0 0 0 0 0 0 0 0 0 -15 20 -16 19 -17 17 -16 14 -14 12 -13 9 -11 5 -9 2 -7 -4 -6 -9 -5 -15 -4 -21 -5 -26 -6 -30 -9 -33 -11 -35 -14 -35 -16 -34 -17 -31 -18 -27 -17 -24 -13 -20 -9 -17 -2 -14 5 -13 12 -13
CSI_DATA: 28 -64 1 0 -1 51 1 48 4 44 6 38 6 32 5 25 3 18 -1 12 -5 6 -10 2 -14 -1 -18 -3 -22 -4 -26 -6 -28 -6 -29 -6 -29 -7 -28 -7 -26 -7 -23 -7 -20 -6 -17 -7 -13 -6 -9 -7 -4 -7 0 0 0 0 0 0 0 0 0 0 0 0 0 0 0 0 0 0 0 0 0 0 -15 -7 -10 -7 -4 -7 1 -5 7 -4 13 -2 19 -1 24 0 30 1 34 1 37 1 39 1 40 -1 39 -2 36 -3 33 -4 28 -4 22 -3 16 -1 9 3 3 9 -2 15 -6 23 -8 31 -9 39 -10 46
CSI_DATA: 28 -64 1 0 -48 -17 -47 -14 -43 -10 -39 -6 -33 -4 -27 -3 -20 -3 -14 -4 -8 -7 -3 -10 1 -14 4 -17 6 -21 8 -23 9 -25 9 -26 9 -26 9 -26 9 -24 8 -22 8 -19 7 -15 8 -12 7 -8 7 -4 0 0 0 0 0 0 0 0 0 0 0 0 0 0 0 0 0 0 0 0 0 0 14 -9 11 -5 8 -1 3 4 -1 7 -5 12 -9 16 -13 20 -16 25 -19 28 -20 31 -20 34 -20 35 -18 35 -15 34 -13 32 -10 27 -8 22 -8 15 -9 8 -11 1 -15 -6 -20 -12 -27 -18 -33 -21 -39 -23
CSI_DATA: 28 -64 1 0 24 -14 27 -18 29 -20 29 -23 27 -24 25 -24 22 -24 19 -22 15 -19 12 -16 9 -11 7 -6 5 -1 5 4 4 8 3 12 3 16 3 18 2 19 1 20 0 19 0 19 -1 18 -3 17 -5 14 0 0 0 0 0 0 0 0 0 0 0 0 0 0 0 0 0 0 0 0 0 0 9 23 7 23 5 23 4 21 3 19 1 17 0 12 -2 8 -4 3 -6 -3 -9 -8 -11 -13 -14 -18 -18 -22 -21 -24 -23 -26 -27 -26 -28 -25 -29 -23 -28 -19 -26 -17 -22 -14 -17 -12 -11 -9 -4 -9 5 -9
CSI_DATA: 28 -64 1 0 -29 1 -33 1 -37 3 -36 5 -36 6 -34 8 -31 9 -28 9 -24 8 -18 7 -14 4 -10 1 -6 -3 -3 -7 -1 -10 2 -14 3 -16 6 -18 6 -19 7 -20 8 -19 7 -18 7 -17 8 -15 9 -12 0 0 0 0 0 0 0 0 0 0 0 0 0 0 0 0 0 0 0 0 0 0 5 -25 7 -24 8 -23 8 -21 8 -18 8 -15 7 -11 6 -7 5 -1 4 5 3 10 2 17 2 22 3 27 4 30 6 34 8 35 11 36 12 33 12 31 12 27 11 22 8 18 4 12 -3 8 -9 4
CSI_DATA: 28 -64 1 0 18 21 22 24 25 24 27 24 28 23 28 21 27 17 24 14 21 11 17 9 12 7 7 6 2 6 -3 6 -7 6 -11 6 -15 7 -17 7 -19 7 -20 7 -20 5 -20 5 -19 4 -18 2 -15 0 0 0 0 0 0 0 0 0 0 0 0 0 0 0 0 0 0 0 0 0 0 0 -23 11 -24 9 -23 6 -22 5 -19 3 -17 2 -13 0 -8 -2 -4 -5 2 -8 7 -10 12 -13 16 -17 19 -21 21 -24 22 -27 22 -30 20 -31 19 -32 16 -30 13 -28 11 -24 8 -18 8 -12 8 -4 10 4
CSI_DATA: 28 -64 1 0 3 -36 3 -41 2 -44 -1 -46 -4 -45 -6 -44 -8 -40 -9 -35 -7 -29 -6 -24 -4 -18 -1 -13 3 -8 8 -3 12 0 16 4 19 6 20 8 22 9 22 10 22 11 20 11 19 12 16 12 13 12 0 0 0 0 0 0 0 0 0 0 0 0 0 0 0 0 0 0 0 0 0 0 28 13 27 15 24 16 22 16 18 15 14 13 10 11 4 9 -2 6 -9 3 -15 1 -23 -1 -30 -3 -36 -3 -40 -2 -44 -1 -46 2 -46 4 -45 7 -41 9 -37 10 -31 9 -24 6 -18 1 -11 -5 -5 -13
CSI_DATA: 28 -64 1 0 -24 17 -26 20 -28 23 -27 25 -25 27 -23 27 -19 25 -17 24 -14 20 -11 16 -9 11 -8 6 -7 1 -6 -4 -6 -8 -6 -12 -7 -15 -7 -18 -7 -19 -6 -20 -6 -20 -5 -20 -3 -19 -1 -18 1 -15 0 0 0 0 0 0 0 0 0 0 0 0 0 0 0 0 0 0 0 0 0 0 -10 -24 -8 -24 -6 -24 -4 -22 -3 -20 -1 -17 0 -13 2 -9 4 -3 6 2 9 8 12 13 15 17 18 21 21 23 24 24 27 24 29 23 29 20 28 17 26 14 22 11 17 10 10 8 2 8 -6 9
CSI_DATA: -95 16 10 0 8 2 10 6 10 0 8 5 11 -1 2 7 8 7 7 7 6 0 3 8 0 3 4 1 -1 6 1 3 -3 3 -6 2 0 1 -3 1 -3 2 -6 4 0 1 -7 -4 -2 0 -4 -5 -3 0 0 0 0 0 0 0 0 0 0 0 0 0 0 0 0 0 0 0 0 0 0 0 -1 1 -2 -1 -2 -5 1 -3 -3 -2 1 -4 0 -4 3 -6 1 -6 2 -5 1 -5 4 -5 3 -8 3 -2 0 -3 5 -1 7 -2 7 -6 6 -3 9 -2 4 -5 7 -4 9 1 7 -1 10 0 11 -6
CSI_DATA: 28 -64 1 0 -6 24 -7 28 -7 30 -5 33 -3 34 -1 33 2 31 3 29 4 25 4 22 3 17 1 13 -1 10 -4 6 -7 4 -10 2 -13 0 -15 -2 -17 -2 -18 -3 -19 -4 -19 -4 -19 -5 -17 -6 -16 -7 0 0 0 0 0 0 0 0 0 0 0 0 0 0 0 0 0 0 0 0 0 0 -3 -23 -1 -23 0 -22 1 -21 2 -18 3 -15 4 -12 5 -8 6 -4 8 0 10 5 13 9 17 12 20 15 23 17 26 17 29 17 30 15 32 12 31 10 29 8 26 6 21 5 16 6 11 7 5 11
CSI_DATA: 28 -64 1 0 -9 30 -8 31 -6 32 -3 32 -1 31 1 29 3 26 4 23 4 20 3 17 1 14 -1 13 -3 12 -6 11 -9 11 -10 12 -12 12 -13 13 -13 14 -13 14 -12 14 -12 14 -11 13 -11 11 -11 9 0 0 0 0 0 0 0 0 0 0 0 0 0 0 0 0 0 0 0 0 0 0 17 3 16 5 14 6 12 7 10 8 8 9 6 11 4 13 3 15 1 17 0 20 -1 22 -1 24 0 26 1 27 2 28 3 28 5 27 6 26 7 24 6 23 5 22 2 21 0 21 -3 22 -6 24
CSI_DATA: 28 -64 1 0 20 25 22 27 24 25 27 24 27 22 28 19 28 15 26 12 23 9 21 7 18 6 14 6 11 8 8 9 6 11 4 14 3 16 2 18 3 19 3 20 3 21 4 20 4 20 3 19 2 18 0 0 0 0 0 0 0 0 0 0 0 0 0 0 0 0 0 0 0 0 0 0 15 -13 16 -10 16 -8 17 -5 16 -3 16 -1 16 2 17 5 17 8 18 10 19 13 20 15 22 16 24 17 26 18 26 17 28 16 28 14 29 13 28 11 26 10 25 10 22 11 21 12 19 15 18 19
CSI_DATA: 28 -64 1 0 -6 -32 -9 -36 -10 -33 -12 -36 -14 -33 -17 -31 -18 -28 -19 -25 -17 -20 -17 -17 -15 -16 -12 -13 -8 -13 -4 -13 -1 -14 1 -14 3 -16 5 -18 6 -19 5 -21 6 -21 5 -21 5 -21 5 -20 5 -19 0 0 0 0 0 0 0 0 0 0 0 0 0 0 0 0 0 0 0 0 0 0 -19 4 -20 1 -18 -3 -19 -5 -16 -6 -16 -9 -14 -11 -14 -13 -12 -16 -12 -17 -13 -20 -13 -23 -13 -24 -14 -27 -16 -30 -15 -28 -19 -30 -18 -26 -21 -27 -20 -24 -20 -23 -18 -23 -16 -20 -15 -22 -13 -24 -11 -26
CSI_DATA: 82 32 5 0 -16 22 -16 22 -15 21 -14 21 -14 21 -13 20 -13 20 -13 20 -13 20 -12 20 -12 20 -11 20 -11 19 -11 19 -11 19 -11 18 -11 17 -11 16 -10 15 -10 15 -10 14 -10 13 -9 12 -9 12 -10 11 0 0 0 0 0 0 0 0 0 0 0 0 0 0 0 0 0 0 0 0 0 0 -8 14 -9 14 -10 15 -10 15 -11 16 -12 16 -13 17 -13 17 -14 17 -14 18 -15 18 -16 18 -16 19 -16 19 -16 19 -17 19 -17 19 -16 20 -16 20 -16 20 -16 21 -16 21 -16 22 -16 22 -16 22 -16 22
CSI_DATA: 82 32 5 0 -16 -22 -17 -22 -16 -21 -16 -21 -16 -20 -16 -19 -16 -19 -17 -18 -16 -18 -16 -19 -15 -18 -15 -17 -16 -17 -15 -17 -15 -17 -14 -16 -14 -16 -14 -16 -13 -15 -12 -14 -11 -14 -10 -13 -9 -13 -9 -13 -8 -13 0 0 0 0 0 0 0 0 0 0 0 0 0 0 0 0 0 0 0 0 0 0 -13 -12 -12 -13 -12 -14 -13 -14 -12 -15 -13 -17 -14 -17 -14 -17 -14 -18 -14 -19 -14 -21 -13 -21 -13 -21 -13 -21 -14 -21 -14 -22 -15 -22 -15 -22 -15 -22 -16 -22 -16 -21 -16 -22 -16 -21 -16 -22 -16 -22 -17 -23
CSI_DATA: 82 32 5 0 21 15 20 15 21 15 19 14 20 13 19 13 19 13 20 12 20 12 20 12 19 11 19 11 18 10 19 11 18 11 18 11 17 11 16 11 15 10 15 10 13 10 13 10 12 9 12 10 11 9 0 0 0 0 0 0 0 0 0 0 0 0 0 0 0 0 0 0 0 0 0 0 14 8 14 9 14 9 14 10 15 11 15 12 16 13 16 14 17 14 17 15 17 16 17 16 17 16 17 16 17 16 18 17 17 17 18 17 18 16 19 16 19 16 20 16 20 16 20 16 20 16 21 16
CSI_DATA: 82 32 5 0 24 1 23 1 23 1 22 1 22 0 21 0 21 0 21 -1 21 -1 21 -1 20 -1 20 -1 19 -2 20 -1 19 -1 19 -1 18 -1 18 0 17 0 16 0 15 0 14 0 13 1 13 1 13 2 0 0 0 0 0 0 0 0 0 0 0 0 0 0 0 0 0 0 0 0 0 0 15 -1 15 0 16 0 16 0 17 1 18 1 19 1 20 2 20 2 21 3 21 3 21 4 21 3 21 4 22 3 22 4 22 4 23 3 23 3 23 2 23 2 23 2 24 2 23 2 24 2 25 2
CSI_DATA: 28 -64 1 0 8 49 11 44 13 39 14 32 11 26 8 21 4 18 0 16 -6 15 -10 17 -12 19 -14 22 -15 25 -15 27 -13 28 -11 29 -10 28 -8 26 -6 23 -5 20 -4 17 -5 12 -5 8 -7 4 -8 0 0 0 0 0 0 0 0 0 0 0 0 0 0 0 0 0 0 0 0 0 0 0 18 -5 17 0 16 4 14 9 13 13 12 17 12 21 13 25 14 28 14 30 15 32 17 33 18 32 18 31 18 29 17 27 14 24 11 23 7 22 3 23 -1 25 -5 30 -7 35 -7 40 -6 46 -4 51
CSI_DATA: 28 -64 1 0 -24 3 -26 0 -28 -1 -31 -2 -33 0 -34 1 -35 4 -34 8 -32 10 -29 11 -25 12 -22 11 -19 10 -16 8 -13 4 -12 0 -12 -3 -11 -6 -12 -9 -13 -11 -13 -14 -14 -15 -15 -16 -15 -16 -14 -17 0 0 0 0 0 0 0 0 0 0 0 0 0 0 0 0 0 0 0 0 0 0 1 23 -1 24 -4 24 -5 24 -6 24 -7 23 -8 23 -9 21 -10 19 -12 16 -15 14 -17 11 -20 9 -23 7 -26 7 -30 7 -33 9 -35 10 -36 13 -36 17 -35 19 -33 21 -31 22 -29 21 -26 20 -24 16
CSI_DATA: 28 -64 1 0 7 -18 10 -17 12 -19 14 -20 14 -21 14 -24 13 -25 10 -26 7 -26 4 -25 1 -23 0 -20 0 -18 1 -15 2 -11 4 -9 6 -7 9 -5 10 -4 12 -3 14 -2 15 -3 16 -3 17 -3 17 -2 0 0 0 0 0 0 0 0 0 0 0 0 0 0 0 0 0 0 0 0 0 0 -17 -10 -16 -12 -15 -13 -14 -15 -14 -15 -13 -15 -12 -16 -10 -16 -9 -16 -6 -16 -4 -16 -2 -17 1 -18 4 -19 6 -21 8 -24 8 -26 8 -29 7 -30 5 -31 3 -32 1 -33 -2 -31 -4 -29 -3 -26 -2 -24
CSI_DATA: 28 -64 1 0 28 24 31 23 33 21 34 18 33 13 32 10 29 7 25 4 20 3 16 3 13 5 9 7 7 10 5 13 5 16 5 18 5 21 5 21 6 22 7 21 6 20 7 20 6 18 4 16 3 14 0 0 0 0 0 0 0 0 0 0 0 0 0 0 0 0 0 0 0 0 0 0 5 -22 7 -20 8 -17 10 -15 11 -12 12 -9 13 -6 16 -3 18 0 21 3 24 5 27 7 29 7 31 7 33 6 34 4 34 3 32 1 31 0 28 -1 25 0 23 2 20 5 19 9 20 14 21 18
CSI_DATA: 28 -64 1 0 21 -32 19 -34 16 -35 12 -34 9 -33 6 -30 4 -28 2 -25 3 -22 3 -19 4 -16 6 -14 9 -13 11 -14 13 -13 15 -14 15 -15 16 -16 15 -16 14 -16 13 -15 12 -14 11 -13 11 -11 10 -8 0 0 0 0 0 0 0 0 0 0 0 0 0 0 0 0 0 0 0 0 0 0 -15 -16 -12 -17 -9 -17 -6 -17 -3 -17 -1 -18 3 -18 5 -19 9 -20 11 -22 13 -25 14 -27 15 -28 14 -30 13 -31 12 -32 10 -31 8 -31 7 -29 7 -27 7 -25 9 -24 11 -23 14 -22 18 -24 20 -26
CSI_DATA: 28 -64 1 0 -22 26 -20 28 -18 31 -14 31 -11 30 -8 28 -5 25 -3 23 -3 19 -3 15 -4 11 -6 9 -9 6 -11 5 -14 4 -16 3 -18 4 -19 4 -20 5 -20 5 -20 5 -19 5 -18 4 -16 3 -15 2 0 0 0 0 0 0 0 0 0 0 0 0 0 0 0 0 0 0 0 0 0 0 17 1 15 3 13 4 10 6 8 8 6 10 3 12 1 14 -1 17 -3 19 -5 22 -5 25 -5 27 -4 28 -2 29 -1 30 1 28 2 27 3 24 2 22 1 20 -1 17 -5 17 -9 16 -14 17 -17 19
CSI_DATA: 28 -64 1 0 4 37 7 37 10 36 12 33 14 30 14 26 14 21 12 18 10 14 6 13 3 11 -1 11 -4 12 -7 14 -9 15 -10 17 -10 19 -10 20 -9 20 -9 19 -8 18 -7 17 -7 15 -7 13 -7 10 0 0 0 0 0 0 0 0 0 0 0 0 0 0 0 0 0 0 0 0 0 0 16 -11 16 -8 15 -6 15 -4 13 -1 12 2 11 6 11 9 11 13 11 16 12 20 13 23 15 24 17 25 18 25 20 24 20 22 21 20 20 18 18 17 15 15 12 16 8 17 5 20 2 24 0 29
CSI_DATA: 28 -64 1 0 33 -7 37 -10 32 -12 33 -16 28 -18 24 -18 19 -18 16 -15 13 -12 12 -9 11 -6 11 -2 13 2 13 4 17 6 16 6 21 7 21 6 21 6 21 4 19 4 16 3 16 5 13 4 11 5 0 0 0 0 0 0 0 0 0 0 0 0 0 0 0 0 0 0 0 0 0 0 -10 -16 -9 -18 -5 -16 -3 -17 0 -14 3 -14 5 -13 9 -13 12 -13 14 -13 19 -13 21 -15 23 -16 24 -17 25 -21 22 -19 24 -23 19 -21 19 -23 15 -20 14 -17 15 -14 16 -11 19 -7 23 -5 29 -5
CSI_DATA: 28 -64 1 0 -28 -25 -31 -24 -32 -21 -32 -17 -31 -13 -29 -10 -26 -7 -22 -5 -18 -5 -14 -6 -12 -7 -9 -10 -7 -12 -5 -15 -5 -18 -6 -20 -6 -21 -7 -22 -8 -21 -8 -21 -8 -20 -8 -18 -7 -16 -5 -14 -3 -12 0 0 0 0 0 0 0 0 0 0 0 0 0 0 0 0 0 0 0 0 0 0 -7 18 -8 16 -10 14 -11 11 -11 8 -12 5 -14 3 -15 -1 -18 -3 -20 -6 -23 -8 -26 -9 -28 -10 -30 -9 -31 -8 -32 -6 -32 -4 -30 -3 -28 -2 -25 -1 -23 -2 -21 -5 -18 -8 -18 -12 -19 -17 -20 -21
CSI_DATA: 28 -64 1 0 -6 34 -4 30 -2 27 -1 22 -2 19 -3 15 -5 13 -8 12 -11 11 -13 11 -15 13 -16 14 -17 15 -16 17 -15 18 -14 18 -13 18 -11 17 -9 15 -8 13 -7 10 -7 8 -7 5 -7 2 -7 -1 0 0 0 0 0 0 0 0 0 0 0 0 0 0 0 0 0 0 0 0 0 0 9 8 7 11 5 13 3 15 2 18 1 20 1 22 0 24 1 25 0 26 1 26 0 26 1 24 0 23 0 21 -2 20 -4 18 -6 17 -9 17 -12 18 -15 20 -17 23 -19 27 -19 30 -18 34 -17 37
CSI_DATA: 28 -64 1 0 2 -21 4 -23 6 -25 6 -26 4 -28 3 -29 1 -30 -2 -30 -4 -28 -5 -26 -6 -23 -7 -20 -6 -17 -4 -15 -2 -12 0 -11 3 -9 6 -9 8 -9 10 -9 12 -9 13 -9 14 -10 15 -9 16 -9 0 0 0 0 0 0 0 0 0 0 0 0 0 0 0 0 0 0 0 0 0 0 -20 -5 -19 -6 -19 -8 -18 -9 -17 -9 -16 -10 -14 -11 -12 -12 -11 -13 -9 -15 -6 -16 -4 -18 -2 -20 -1 -23 -1 -25 -1 -28 -2 -30 -3 -31 -6 -32 -8 -31 -10 -31 -12 -30 -12 -28 -12 -26 -10 -24 -7 -23
