CSI_DATA: 28 -64 1 0 3 -1 8 -1 12 -1 16 -2 18 -2 20 -3 21 -4 21 -5 19 -5 18 -5 15 -5 13 -4 10 -3 6 -2 3 -1 -1 0 -4 0 -7 0 -9 0 -11 0 -13 -1 -14 -1 -14 -3 -14 -4 -13 -5 0 0 0 0 0 0 0 0 0 0 0 0 0 0 0 0 0 0 0 0 0 0 9 -3 10 -1 12 -1 13 1 13 1 14 2 13 3 12 3 10 4 8 3 5 2 2 1 -1 0 -5 -2 -9 -3 -13 -5 -16 -6 -19 -7 -22 -7 -23 -7 -24 -6 -24 -6 -23 -5 -21 -4 -18 -3 -13 -2
CSI_DATA: 28 -64 1 0 -4 2 -7 6 -9 10 -12 14 -13 17 -14 18 -14 19 -13 19 -12 18 -11 17 -9 15 -8 12 -6 9 -4 6 -2 3 0 0 3 -3 5 -5 7 -6 9 -7 10 -8 12 -8 13 -7 13 -5 13 -3 0 0 0 0 0 0 0 0 0 0 0 0 0 0 0 0 0 0 0 0 0 0 -1 10 -2 12 -4 13 -6 14 -7 14 -8 13 -9 13 -9 11 -8 9 -7 7 -5 5 -2 2 1 -1 4 -4 7 -7 10 -9 13 -12 15 -15 17 -17 18 -18 18 -20 17 -20 16 -19 14 -18 12 -15 9 -12
CSI_DATA: 28 -64 1 0 -12 -11 -10 -7 -6 -1 -4 3 -3 8 -2 11 0 15 -1 17 0 18 -1 19 -1 19 -2 19 -2 19 -3 15 -3 14 -2 10 -1 8 1 5 2 2 4 0 6 0 8 -1 10 0 11 1 12 3 0 0 0 0 0 0 0 0 0 0 0 0 0 0 0 0 0 0 0 0 0 0 2 -1 3 -3 4 -5 6 -7 9 -7 11 -7 13 -7 15 -7 16 -5 16 -4 15 -2 15 -1 12 -1 9 -1 6 -3 1 -3 -2 -5 -6 -7 -10 -10 -12 -11 -17 -14 -18 -17 -19 -17 -20 -20 -20 -21 -19 -20
CSI_DATA: 28 -64 1 0 18 -11 20 -12 21 -13 21 -14 19 -13 18 -13 15 -11 12 -10 9 -8 5 -6 1 -5 -2 -2 -6 -1 -8 1 -11 2 -13 2 -15 1 -16 1 -16 1 -16 -1 -15 -1 -13 -2 -12 -3 -9 -3 -7 -2 0 0 0 0 0 0 0 0 0 0 0 0 0 0 0 0 0 0 0 0 0 0 -4 -14 -2 -14 0 -14 1 -13 2 -11 3 -9 2 -7 1 -4 0 -1 -3 1 -5 5 -8 7 -11 9 -14 10 -15 12 -17 12 -18 12 -18 13 -17 12 -15 11 -13 10 -10 8 -6 5 -1 2 3 0 8 -4
CSI_DATA: 28 -64 1 0 -1 3 -2 9 -3 14 -2 18 -2 21 -2 23 -2 23 0 24 1 23 1 21 1 18 0 15 0 11 1 7 1 4 1 0 1 -4 1 -7 2 -10 2 -12 4 -14 5 -15 6 -15 7 -14 8 -13 0 0 0 0 0 0 0 0 0 0 0 0 0 0 0 0 0 0 0 0 0 0 2 9 1 12 -1 15 -2 16 -4 16 -4 16 -6 15 -6 14 -6 12 -6 10 -5 6 -3 2 -1 -1 1 -6 4 -10 6 -13 7 -17 9 -21 10 -24 10 -25 10 -27 9 -27 8 -25 7 -23 6 -20 3 -15
CSI_DATA: 28 -64 1 0 -32 -40 -29 -37 -25 -35 -22 -30 -19 -25 -16 -19 -14 -12 -12 -5 -11 2 -11 8 -11 14 -12 19 -13 22 -16 24 -18 24 -20 24 -22 22 -22 20 -22 16 -20 13 -18 10 -16 7 -12 6 -9 5 -6 6 0 0 0 0 0 0 0 0 0 0 0 0 0 0 0 0 0 0 0 0 0 0 11 9 8 7 6 4 6 1 6 -3 8 -7 11 -10 15 -13 20 -14 24 -15 28 -14 31 -13 33 -12 33 -10 31 -8 29 -7 25 -6 20 -6 13 -7 6 -10 -1 -12 -8 -15 -15 -20 -22 -25 -27 -30 -30 -35
CSI_DATA: 28 -64 1 0 32 13 30 13 27 12 23 10 19 8 14 4 11 1 6 -2 2 -6 -1 -10 -3 -13 -5 -16 -5 -19 -5 -21 -4 -22 -2 -22 -1 -22 1 -21 2 -19 3 -16 3 -14 3 -11 1 -8 0 -6 -2 -5 0 0 0 0 0 0 0 0 0 0 0 0 0 0 0 0 0 0 0 0 0 0 -9 -6 -7 -5 -5 -4 -5 -1 -4 2 -5 5 -7 8 -9 11 -13 13 -16 14 -18 14 -21 14 -22 13 -22 12 -21 11 -19 9 -17 8 -13 7 -8 6 -2 6 4 5 10 6 16 6 21 8 27 9 30 11
CSI_DATA: 28 -64 1 0 -33 26 -28 26 -23 25 -19 21 -15 17 -13 12 -12 7 -13 3 -15 -2 -18 -5 -21 -6 -24 -7 -26 -7 -28 -6 -28 -4 -28 -3 -26 -2 -24 -1 -20 -1 -17 -1 -14 -3 -10 -4 -6 -6 -3 -8 1 -10 0 0 0 0 0 0 0 0 0 0 0 0 0 0 0 0 0 0 0 0 0 0 15 2 12 4 8 6 5 7 2 9 -1 11 -4 14 -7 17 -9 21 -11 23 -11 26 -11 28 -10 29 -9 29 -7 28 -5 26 -5 23 -5 18 -6 14 -10 11 -15 9 -20 7 -26 8 -32 9 -37 13 -39 18
CSI_DATA: 28 -64 1 0 12 -19 14 -14 18 -12 21 -10 24 -10 27 -12 28 -14 28 -17 27 -19 25 -20 22 -20 19 -19 17 -18 15 -15 14 -12 13 -8 13 -4 13 -1 14 2 15 5 15 7 16 9 16 10 16 12 15 14 0 0 0 0 0 0 0 0 0 0 0 0 0 0 0 0 0 0 0 0 0 0 -8 -12 -6 -16 -5 -19 -5 -22 -4 -23 -5 -25 -5 -25 -6 -26 -5 -25 -5 -24 -4 -22 -2 -20 1 -17 5 -15 9 -14 13 -14 17 -16 21 -18 24 -22 25 -25 25 -30 24 -34 21 -37 18 -37 15 -37 13 -35
CSI_DATA: 28 -64 1 0 16 15 16 20 17 25 20 26 24 27 28 26 29 24 30 20 29 16 28 12 26 8 22 6 17 5 11 4 5 5 0 6 -3 8 -7 12 -10 14 -12 16 -12 18 -14 21 -15 22 -14 20 -15 19 0 0 0 0 0 0 0 0 0 0 0 0 0 0 0 0 0 0 0 0 0 0 -5 -22 -1 -23 1 -24 2 -23 4 -23 6 -20 8 -18 10 -17 10 -14 14 -10 15 -8 16 -6 21 -1 24 0 27 1 30 3 33 1 36 0 38 -2 39 -5 38 -7 37 -10 34 -8 30 -8 27 -6 22 -1
CSI_DATA: 28 -64 1 0 -14 -41 -15 -43 -16 -44 -15 -43 -13 -39 -13 -35 -11 -29 -9 -23 -6 -16 -5 -10 -3 -3 -2 3 0 10 0 15 0 20 -1 23 -3 25 -4 25 -6 25 -7 23 -9 21 -8 18 -9 14 -8 10 -7 7 0 0 0 0 0 0 0 0 0 0 0 0 0 0 0 0 0 0 0 0 0 0 -25 1 -24 -3 -22 -5 -19 -6 -15 -5 -11 -3 -7 -1 -2 2 1 6 6 11 8 17 12 22 13 26 15 30 16 32 18 34 17 34 17 32 16 30 15 25 12 20 10 13 6 5 2 -4 -2 -13 -5 -23
CSI_DATA: 28 -64 1 0 40 23 43 24 44 23 42 24 40 22 36 19 31 16 27 12 21 8 14 4 6 2 0 -2 -6 -6 -10 -10 -13 -13 -17 -17 -17 -20 -18 -23 -17 -24 -15 -25 -13 -25 -10 -24 -7 -22 -5 -20 -1 -17 0 0 0 0 0 0 0 0 0 0 0 0 0 0 0 0 0 0 0 0 0 0 20 -17 21 -13 18 -9 15 -6 10 -4 6 -4 0 -4 -6 -5 -12 -6 -19 -8 -24 -12 -28 -13 -33 -16 -37 -17 -39 -18 -39 -19 -39 -18 -37 -17 -33 -15 -28 -11 -22 -8 -15 -4 -9 0 2 5 12 10 20 15
CSI_DATA: 28 -64 1 0 12 -46 11 -49 12 -49 11 -48 10 -46 9 -42 7 -37 6 -29 4 -22 2 -15 0 -9 -3 -2 -5 5 -7 12 -11 16 -13 19 -14 21 -18 22 -19 21 -21 19 -21 17 -22 14 -20 11 -19 7 -16 4 0 0 0 0 0 0 0 0 0 0 0 0 0 0 0 0 0 0 0 0 0 0 -22 -16 -18 -17 -14 -16 -11 -14 -9 -9 -6 -5 -4 0 -3 6 -2 13 -3 18 -4 25 -4 31 -5 35 -7 39 -7 41 -8 42 -7 40 -6 38 -4 36 -2 31 -2 24 1 16 2 5 4 -3 6 -14 8 -25
CSI_DATA: 28 -64 1 0 -13 3 -14 -3 -16 -7 -18 -11 -21 -14 -24 -15 -27 -15 -30 -14 -31 -11 -30 -9 -29 -7 -27 -6 -24 -4 -20 -3 -16 -3 -11 -4 -8 -5 -3 -7 0 -9 4 -11 7 -13 10 -13 12 -14 13 -15 16 -14 0 0 0 0 0 0 0 0 0 0 0 0 0 0 0 0 0 0 0 0 0 0 13 9 14 12 14 14 14 15 14 16 14 16 13 16 12 15 10 14 7 13 3 11 0 10 -5 8 -9 7 -14 7 -19 9 -23 11 -26 13 -29 16 -30 20 -30 23 -29 25 -26 27 -23 27 -20 25 -17 21
CSI_DATA: 28 -64 1 0 -12 -9 -6 -13 -3 -18 -2 -23 -1 -27 -2 -30 -4 -32 -6 -33 -8 -32 -12 -30 -12 -27 -12 -24 -10 -20 -7 -16 -4 -12 0 -10 4 -6 7 -4 11 -2 14 0 16 1 19 1 20 2 21 4 21 6 0 0 0 0 0 0 0 0 0 0 0 0 0 0 0 0 0 0 0 0 0 0 2 14 0 16 -1 19 -2 20 -3 22 -4 22 -5 22 -5 21 -5 20 -5 17 -5 14 -6 10 -8 6 -11 1 -14 -4 -18 -7 -22 -10 -26 -11 -30 -11 -34 -11 -37 -10 -39 -8 -38 -4 -36 0 -34 0 -28 0
CSI_DATA: 28 -64 1 0 12 6 9 11 7 16 7 22 8 26 10 29 12 30 14 31 16 29 17 27 18 24 16 20 14 17 11 14 7 11 2 9 -2 7 -7 6 -11 5 -15 4 -18 4 -20 4 -22 3 -23 2 -23 0 0 0 0 0 0 0 0 0 0 0 0 0 0 0 0 0 0 0 0 0 0 0 -4 -14 -3 -17 -2 -21 -1 -23 -1 -24 0 -25 0 -25 0 -24 0 -22 1 -20 2 -17 4 -13 7 -8 10 -4 13 0 18 3 23 5 28 6 33 5 37 3 39 0 41 -2 40 -5 38 -7 35 -8 29 -7
CSI_DATA: 28 -64 1 0 6 -15 13 -10 20 -8 25 -6 30 -7 33 -9 35 -12 36 -15 35 -17 32 -19 28 -19 24 -18 20 -15 17 -12 13 -8 10 -3 8 2 6 8 5 12 4 16 3 19 2 22 1 24 0 25 -2 25 0 0 0 0 0 0 0 0 0 0 0 0 0 0 0 0 0 0 0 0 0 0 -17 4 -20 2 -23 0 -25 -1 -27 -2 -28 -2 -28 -2 -27 -3 -25 -3 -22 -4 -19 -5 -14 -7 -9 -9 -4 -12 1 -16 5 -21 7 -27 9 -33 8 -37 7 -42 4 -45 1 -47 -2 -47 -4 -44 -6 -40 -6 -35
CSI_DATA: 28 -64 1 0 13 -1 13 6 14 11 16 16 20 20 22 21 26 21 28 20 29 18 29 15 27 12 24 10 21 8 16 7 11 6 6 7 2 7 -3 8 -7 9 -10 11 -14 11 -16 12 -18 13 -19 12 -21 11 0 0 0 0 0 0 0 0 0 0 0 0 0 0 0 0 0 0 0 0 0 0 -11 -11 -11 -15 -11 -17 -12 -20 -12 -21 -12 -22 -12 -22 -11 -22 -10 -21 -8 -19 -6 -16 -2 -13 2 -11 7 -8 13 -6 18 -6 23 -7 28 -8 32 -11 34 -14 36 -19 35 -22 33 -23 30 -24 27 -24 23 -21
CSI_DATA: 28 -64 1 0 10 6 5 10 1 13 -1 19 -2 22 -1 26 0 28 2 29 4 29 6 28 7 25 7 22 6 19 5 15 3 12 -1 9 -3 5 -7 2 -10 0 -13 -2 -15 -4 -17 -6 -18 -6 -19 -8 -18 -10 0 0 0 0 0 0 0 0 0 0 0 0 0 0 0 0 0 0 0 0 0 0 -3 -12 -1 -15 0 -17 1 -19 2 -20 3 -21 3 -21 3 -21 3 -20 3 -17 4 -15 4 -11 6 -7 8 -2 10 2 13 5 17 8 21 10 26 11 30 10 32 9 35 7 35 5 34 3 31 1 27 0
CSI_DATA: 28 -64 1 0 4 11 -2 4 -9 0 -15 -6 -21 -9 -26 -11 -31 -12 -34 -11 -36 -11 -37 -9 -35 -8 -33 -7 -30 -5 -25 -4 -20 -4 -14 -3 -9 -3 -3 -3 2 -3 7 -2 12 -2 15 -1 18 1 21 2 22 5 0 0 0 0 0 0 0 0 0 0 0 0 0 0 0 0 0 0 0 0 0 0 -4 -12 -1 -16 0 -19 2 -22 4 -24 5 -26 6 -26 7 -26 7 -24 7 -21 7 -19 7 -14 5 -8 5 -2 4 5 4 13 5 19 6 26 7 32 10 37 12 40 15 43 17 44 18 42 19 39 17 34
CSI_DATA: 28 -64 1 0 8 -3 -1 -1 -10 2 -17 5 -23 8 -28 11 -30 13 -33 15 -33 16 -32 16 -29 15 -26 13 -22 12 -17 10 -12 7 -7 4 -1 2 3 -1 8 -2 12 -3 15 -3 19 -3 21 -1 22 1 22 4 0 0 0 0 0 0 0 0 0 0 0 0 0 0 0 0 0 0 0 0 0 0 -6 5 -10 6 -14 7 -17 7 -21 7 -24 6 -26 6 -27 4 -26 3 -24 2 -22 1 -17 0 -12 -1 -5 -2 2 -2 10 -2 16 -2 24 -3 30 -4 36 -5 40 -7 43 -8 45 -9 43 -9 40 -10 34 -9
CSI_DATA: 28 -64 1 0 -3 -10 -1 0 2 8 5 17 6 25 9 29 11 34 13 36 14 35 15 36 15 34 14 31 12 27 10 23 8 17 6 12 4 7 1 1 0 -5 0 -9 -1 -15 0 -19 1 -21 3 -23 6 -24 0 0 0 0 0 0 0 0 0 0 0 0 0 0 0 0 0 0 0 0 0 0 9 9 10 14 9 18 9 22 8 25 7 27 5 27 3 28 1 26 0 23 -1 19 -2 14 -1 7 -1 0 -1 -8 -2 -16 -2 -23 -2 -31 -2 -38 -3 -44 -5 -47 -5 -51 -7 -51 -8 -49 -9 -46 -8 -40
CSI_DATA: 28 -64 1 0 -12 -1 -1 -2 10 -3 17 -5 25 -6 31 -9 34 -11 37 -13 37 -14 36 -15 33 -14 29 -14 25 -12 20 -10 14 -8 9 -5 2 -2 -3 0 -9 2 -13 3 -17 3 -20 3 -24 1 -25 -1 -26 -4 0 0 0 0 0 0 0 0 0 0 0 0 0 0 0 0 0 0 0 0 0 0 9 -3 13 -2 17 -1 21 1 24 3 26 5 27 7 27 8 26 9 23 9 20 8 15 7 10 5 3 3 -4 1 -13 -3 -21 -5 -29 -6 -34 -8 -40 -7 -45 -7 -48 -7 -51 -6 -50 -4 -46 -3 -40 -2
CSI_DATA: 28 -64 1 0 10 4 1 0 -9 -2 -16 -5 -24 -5 -30 -7 -34 -6 -38 -5 -39 -4 -40 -4 -38 -2 -35 -2 -31 -2 -27 -1 -20 -1 -15 0 -9 -1 -3 0 2 0 8 2 11 3 14 5 17 7 19 10 19 13 0 0 0 0 0 0 0 0 0 0 0 0 0 0 0 0 0 0 0 0 0 0 -15 -2 -18 -5 -20 -8 -23 -11 -23 -13 -24 -16 -23 -16 -22 -17 -19 -17 -17 -16 -13 -14 -8 -11 -4 -6 1 -2 7 4 13 9 19 13 25 18 29 21 35 23 39 24 42 25 42 24 42 23 40 21 35 17
CSI_DATA: 28 -64 1 0 2 10 -1 0 -4 -8 -7 -16 -10 -23 -14 -28 -16 -31 -19 -33 -20 -33 -22 -33 -22 -32 -21 -29 -18 -26 -16 -22 -12 -18 -9 -12 -5 -8 -3 -3 0 2 2 7 3 12 4 16 4 19 3 21 0 24 0 0 0 0 0 0 0 0 0 0 0 0 0 0 0 0 0 0 0 0 0 0 -9 -12 -8 -17 -8 -21 -7 -24 -6 -26 -4 -27 -2 -28 -1 -28 1 -26 1 -23 1 -19 2 -13 1 -7 1 0 1 8 1 15 1 23 1 30 2 36 3 42 4 46 6 48 7 49 9 47 9 44 9 38
CSI_DATA: 28 -64 1 0 -2 -11 1 -1 5 7 8 15 11 21 14 25 17 28 19 29 21 29 21 28 20 25 18 22 15 19 13 15 9 11 5 6 1 2 -2 -2 -5 -7 -8 -10 -9 -14 -10 -17 -10 -20 -9 -22 -6 -23 0 0 0 0 0 0 0 0 0 0 0 0 0 0 0 0 0 0 0 0 0 0 3 5 2 10 1 15 0 18 -2 21 -3 23 -4 25 -5 25 -7 25 -7 23 -8 20 -7 16 -5 10 -3 4 -2 -3 -2 -10 -1 -17 0 -25 0 -31 0 -37 -2 -42 -3 -45 -4 -46 -5 -45 -6 -43 -5 -37
CSI_DATA: 28 -64 1 0 4 -42 2 -43 0 -43 -3 -41 -5 -37 -6 -32 -6 -26 -6 -19 -3 -12 1 -6 4 -1 9 4 13 8 17 12 21 13 23 15 25 15 25 15 24 14 22 13 19 11 16 9 12 7 7 5 3 2 0 0 0 0 0 0 0 0 0 0 0 0 0 0 0 0 0 0 0 0 0 0 19 2 18 5 17 6 15 7 12 7 8 7 4 6 0 6 -5 5 -10 4 -16 4 -21 3 -25 3 -29 3 -31 4 -33 5 -33 6 -31 7 -29 7 -25 7 -20 5 -14 1 -9 -4 -4 -10 0 -18 4 -26
CSI_DATA: 28 -64 1 0 -46 -17 -45 -13 -49 -11 -44 -7 -42 -5 -37 -2 -32 -1 -25 0 -19 1 -10 -1 -3 -4 3 -7 8 -12 13 -16 15 -19 20 -23 19 -24 21 -25 20 -25 19 -24 18 -22 16 -21 13 -16 11 -13 8 -9 0 0 0 0 0 0 0 0 0 0 0 0 0 0 0 0 0 0 0 0 0 0 11 -19 12 -15 13 -14 11 -10 11 -7 8 -4 6 1 4 5 2 10 -1 16 -3 21 -5 26 -6 29 -6 33 -6 34 -6 38 -4 35 -3 35 -2 29 -2 26 -3 20 -6 14 -8 8 -14 0 -21 -7 -26 -11
CSI_DATA: 28 -64 1 0 2 -45 0 -47 -3 -47 -5 -46 -7 -41 -8 -36 -9 -30 -7 -23 -5 -16 -1 -9 3 -4 7 2 12 6 17 10 21 12 25 14 27 15 27 15 27 15 25 14 23 13 20 12 17 10 12 8 8 5 0 0 0 0 0 0 0 0 0 0 0 0 0 0 0 0 0 0 0 0 0 0 20 2 19 4 17 5 14 7 11 7 7 7 2 6 -3 6 -9 6 -14 5 -20 5 -25 4 -29 5 -33 5 -35 6 -36 7 -35 9 -33 9 -30 9 -26 8 -21 5 -16 1 -9 -5 -5 -12 -1 -20 3 -29
CSI_DATA: 28 -64 1 0 -47 7 -40 7 -32 8 -24 6 -16 4 -8 1 0 -3 7 -8 12 -12 17 -17 21 -22 23 -25 24 -28 24 -29 24 -29 23 -28 21 -26 18 -22 15 -19 11 -15 7 -10 3 -6 -2 -2 -6 1 -12 3 0 0 0 0 0 0 0 0 0 0 0 0 0 0 0 0 0 0 0 0 0 0 -3 -8 1 -6 4 -4 8 -1 11 2 14 5 17 9 19 12 21 15 22 17 22 19 22 20 21 20 18 19 15 17 12 13 6 10 1 7 -6 4 -14 2 -21 -1 -30 -2 -37 -2 -44 -1 -50 0 -53 2
CSI_DATA: 28 -64 1 0 -37 -21 -32 -16 -26 -12 -19 -9 -12 -8 -4 -9 3 -11 8 -14 12 -19 14 -24 15 -28 14 -31 13 -33 10 -34 8 -31 6 -30 4 -25 3 -20 2 -15 1 -9 1 -3 2 3 3 9 3 14 3 18 0 0 0 0 0 0 0 0 0 0 0 0 0 0 0 0 0 0 0 0 0 0 13 5 9 7 6 7 1 8 -3 9 -7 9 -11 10 -16 11 -19 12 -23 13 -24 14 -26 15 -25 16 -24 16 -22 15 -20 12 -17 9 -15 4 -14 -1 -14 -8 -15 -14 -18 -21 -22 -26 -26 -30 -32 -32 -35 -33
CSI_DATA: 28 -64 1 0 -3 19 -4 12 -7 5 -9 -2 -13 -8 -18 -12 -22 -15 -26 -16 -29 -16 -32 -15 -33 -13 -33 -11 -31 -10 -28 -9 -25 -7 -20 -5 -14 -4 -9 -4 -3 -3 3 -2 8 -2 12 -1 16 0 20 1 23 3 0 0 0 0 0 0 0 0 0 0 0 0 0 0 0 0 0 0 0 0 0 0 5 -8 9 -7 12 -7 15 -7 18 -6 20 -5 21 -4 22 -3 23 -3 21 -2 20 -1 17 0 13 1 9 4 4 6 0 10 -4 13 -7 18 -11 23 -13 28 -14 32 -14 36 -13 40 -11 41 -8 41 -6 39
CSI_DATA: 28 -64 1 0 5 -48 2 -44 0 -38 -1 -30 -2 -22 0 -13 2 -5 5 2 9 9 14 15 17 19 20 22 23 24 26 25 26 25 26 24 25 22 22 20 18 17 14 13 10 9 6 5 1 2 -2 -3 -5 -8 0 0 0 0 0 0 0 0 0 0 0 0 0 0 0 0 0 0 0 0 0 0 10 -1 7 1 3 3 -1 4 -5 6 -11 7 -15 8 -20 9 -24 10 -27 9 -30 10 -32 10 -31 10 -30 9 -27 8 -24 7 -19 5 -14 2 -8 -3 -3 -9 2 -16 6 -23 10 -31 12 -38 13 -44 13 -51
CSI_DATA: 28 -64 1 0 44 -19 40 -20 32 -19 26 -17 18 -12 12 -7 7 0 4 7 1 14 0 21 0 27 1 31 3 35 4 35 6 35 6 33 6 31 6 26 4 21 3 16 1 10 -1 4 -3 -2 -4 -7 -6 -13 0 0 0 0 0 0 0 0 0 0 0 0 0 0 0 0 0 0 0 0 0 0 -1 16 -3 13 -4 9 -5 5 -6 0 -7 -5 -8 -10 -9 -16 -10 -21 -11 -25 -13 -29 -14 -31 -14 -32 -15 -31 -15 -30 -14 -26 -12 -23 -8 -18 -3 -14 3 -9 11 -6 20 -4 28 -5 36 -6 44 -8 49 -12
CSI_DATA: 28 -64 1 0 37 -34 31 -32 25 -30 19 -24 13 -18 9 -11 5 -3 3 5 3 14 3 21 5 27 6 31 8 34 10 37 11 35 11 34 11 31 10 28 9 23 7 17 4 11 2 5 0 -1 -2 -7 -3 -13 0 0 0 0 0 0 0 0 0 0 0 0 0 0 0 0 0 0 0 0 0 0 10 12 6 11 2 9 -2 6 -5 3 -9 -1 -13 -4 -17 -9 -20 -12 -23 -16 -26 -18 -28 -20 -28 -21 -28 -20 -27 -19 -25 -17 -21 -15 -15 -13 -8 -11 0 -10 8 -11 17 -12 25 -16 33 -19 38 -23 42 -29
CSI_DATA: 28 -64 1 0 47 4 41 1 36 -2 28 -3 20 -2 12 0 5 3 -2 8 -7 12 -11 17 -14 22 -16 27 -16 30 -15 32 -14 31 -13 31 -11 28 -9 24 -8 20 -6 15 -4 9 -3 3 -1 -2 1 -8 3 -12 0 0 0 0 0 0 0 0 0 0 0 0 0 0 0 0 0 0 0 0 0 0 -5 14 -6 11 -7 7 -6 2 -6 -2 -5 -7 -4 -12 -4 -17 -2 -22 -1 -27 -1 -30 -1 -33 -1 -34 -2 -33 -3 -32 -3 -29 -2 -24 -1 -19 2 -13 7 -7 12 0 19 5 26 8 33 11 41 13 46 12
CSI_DATA: 28 -64 1 0 -33 40 -28 37 -22 33 -17 26 -12 19 -7 10 -3 1 -1 -7 1 -16 2 -24 2 -30 2 -35 2 -38 1 -40 0 -40 1 -38 1 -36 1 -32 1 -26 0 -20 -1 -13 -2 -6 -3 0 -5 6 -8 12 0 0 0 0 0 0 0 0 0 0 0 0 0 0 0 0 0 0 0 0 0 0 -15 3 -12 0 -8 -3 -4 -4 1 -5 7 -6 12 -6 18 -6 23 -6 27 -5 31 -5 33 -4 34 -4 33 -3 31 -3 28 -3 22 -2 16 0 9 2 1 5 -8 9 -16 14 -23 21 -30 27 -34 32 -38 39
CSI_DATA: 28 -64 1 0 -15 4 -19 10 -21 13 -25 17 -27 19 -28 19 -28 19 -28 18 -26 17 -24 15 -21 13 -18 11 -13 10 -8 8 -3 8 1 9 5 10 8 12 10 14 10 16 10 19 9 21 7 22 4 23 0 22 0 0 0 0 0 0 0 0 0 0 0 0 0 0 0 0 0 0 0 0 0 0 9 -10 12 -10 14 -8 16 -6 17 -4 16 -2 15 0 13 0 10 0 8 -1 5 -3 2 -6 0 -9 -3 -14 -4 -18 -5 -22 -6 -26 -6 -29 -5 -32 -4 -33 -4 -34 -4 -32 -3 -29 -4 -27 -5 -21 -7 -15
CSI_DATA: 28 -64 1 0 42 -17 43 -17 41 -16 39 -16 34 -14 29 -13 23 -12 16 -11 9 -10 2 -9 -4 -9 -10 -9 -16 -9 -21 -10 -24 -12 -26 -13 -28 -16 -27 -17 -25 -18 -23 -18 -21 -18 -18 -17 -15 -16 -12 -13 -10 -10 0 0 0 0 0 0 0 0 0 0 0 0 0 0 0 0 0 0 0 0 0 0 -12 -9 -8 -9 -6 -8 -4 -6 -2 -3 -1 1 -1 6 -2 10 -4 15 -7 18 -10 22 -12 24 -15 26 -17 26 -19 26 -19 24 -19 22 -17 19 -14 17 -9 13 -4 8 2 4 9 -1 16 -5 24 -9 31 -13
CSI_DATA: 28 -64 1 0 -49 -3 -44 -4 -47 -5 -41 -3 -37 -3 -30 -2 -24 0 -17 2 -10 4 -3 7 6 9 10 12 14 14 20 18 19 18 22 24 21 24 20 25 17 24 14 23 11 20 10 18 7 13 6 9 6 5 0 0 0 0 0 0 0 0 0 0 0 0 0 0 0 0 0 0 0 0 0 0 5 15 2 13 0 13 -1 8 -3 7 -2 3 0 -2 4 -5 6 -9 13 -13 17 -14 21 -15 25 -16 27 -15 27 -12 31 -15 26 -12 28 -11 21 -10 16 -7 9 -6 1 -5 -8 -4 -18 -2 -26 -2 -34 -3
CSI_DATA: 28 -64 1 0 -22 -38 -22 -40 -21 -41 -20 -40 -18 -37 -16 -34 -14 -29 -14 -24 -12 -18 -12 -10 -12 -4 -13 3 -15 8 -17 12 -20 15 -24 17 -26 16 -29 15 -29 13 -29 10 -27 7 -25 4 -22 2 -19 1 -15 1 0 0 0 0 0 0 0 0 0 0 0 0 0 0 0 0 0 0 0 0 0 0 13 13 10 15 7 15 4 14 2 11 2 9 2 5 4 2 7 -1 11 -4 16 -6 21 -7 26 -7 29 -6 32 -5 34 -4 34 -2 34 -1 30 -1 26 -2 21 -2 16 -5 10 -9 2 -13 -5 -18 -10 -24
CSI_DATA: 28 -64 1 0 33 -23 26 -19 19 -17 11 -14 2 -13 -6 -12 -13 -12 -20 -13 -26 -14 -30 -15 -33 -17 -34 -19 -34 -22 -33 -23 -29 -23 -25 -23 -21 -21 -17 -18 -13 -14 -12 -9 -10 -5 -10 0 -12 4 -16 7 -20 7 0 0 0 0 0 0 0 0 0 0 0 0 0 0 0 0 0 0 0 0 0 0 -2 5 2 4 5 4 8 6 11 9 13 12 14 16 14 20 14 24 12 27 10 28 7 27 5 25 3 22 3 17 4 11 6 6 9 -1 13 -8 17 -14 22 -20 27 -25 32 -29 37 -31 40 -32 42 -32
CSI_DATA: 28 -64 1 0 18 51 17 44 15 36 13 27 10 16 7 6 3 -4 -1 -13 -3 -23 -7 -29 -10 -35 -11 -39 -12 -42 -11 -44 -10 -43 -9 -41 -7 -37 -5 -32 -4 -26 -4 -20 -4 -13 -6 -5 -8 1 -12 6 -16 10 0 0 0 0 0 0 0 0 0 0 0 0 0 0 0 0 0 0 0 0 0 0 12 5 8 5 2 4 -2 1 -5 -3 -9 -7 -12 -12 -13 -18 -15 -24 -15 -28 -14 -32 -13 -35 -13 -35 -11 -34 -9 -31 -7 -27 -5 -20 -3 -13 -1 -4 2 6 5 15 9 26 11 36 14 44 17 51 18 57
CSI_DATA: 28 -64 1 0 46 -20 40 -18 32 -16 23 -13 13 -9 4 -6 -5 -2 -13 3 -20 7 -27 10 -32 14 -35 15 -38 16 -38 16 -37 15 -35 13 -31 11 -27 9 -20 7 -14 6 -8 5 -1 5 5 6 10 8 14 12 0 0 0 0 0 0 0 0 0 0 0 0 0 0 0 0 0 0 0 0 0 0 6 -13 6 -8 4 -4 1 -1 -3 3 -7 6 -12 9 -18 11 -23 12 -28 12 -31 12 -34 11 -34 10 -33 8 -31 7 -26 5 -21 4 -14 1 -5 -1 4 -3 14 -7 23 -10 32 -13 41 -16 47 -19 52 -21
CSI_DATA: 28 -64 1 0 5 -34 5 -38 5 -40 5 -40 4 -39 3 -36 2 -32 0 -26 -1 -21 -2 -15 -3 -8 -5 -2 -7 5 -9 10 -11 15 -13 18 -16 20 -18 21 -19 20 -20 19 -20 17 -20 14 -18 11 -16 8 -13 5 0 0 0 0 0 0 0 0 0 0 0 0 0 0 0 0 0 0 0 0 0 0 -16 -6 -16 -9 -14 -11 -12 -11 -10 -11 -8 -10 -5 -7 -3 -5 -1 -1 1 4 1 9 2 14 2 19 2 23 1 26 1 29 0 30 0 30 0 29 1 27 1 23 1 18 2 11 2 3 3 -5 4 -14
CSI_DATA: 28 -64 1 0 5 47 6 45 7 40 7 35 6 27 5 19 3 11 1 2 -2 -5 -4 -12 -8 -18 -10 -23 -12 -28 -12 -31 -13 -33 -12 -31 -12 -31 -10 -29 -8 -25 -6 -21 -5 -16 -4 -11 -3 -5 -3 0 -5 5 0 0 0 0 0 0 0 0 0 0 0 0 0 0 0 0 0 0 0 0 0 0 4 16 2 15 0 12 -2 9 -2 4 -2 -1 -1 -5 0 -11 2 -16 3 -21 6 -25 8 -28 9 -31 10 -32 10 -32 10 -29 8 -27 6 -22 5 -16 3 -9 2 -2 1 8 0 17 0 25 1 34 1 42
CSI_DATA: 28 -64 1 0 -4 53 -2 51 -1 46 1 40 2 33 2 25 2 16 1 8 0 -1 -2 -10 -4 -17 -6 -23 -7 -28 -8 -33 -8 -35 -7 -36 -7 -37 -5 -36 -4 -32 -3 -28 -2 -24 -1 -19 -1 -13 -2 -8 -3 -2 0 0 0 0 0 0 0 0 0 0 0 0 0 0 0 0 0 0 0 0 0 0 1 16 -1 13 -3 9 -3 4 -2 -1 0 -6 2 -10 5 -16 8 -20 10 -24 13 -28 15 -30 17 -32 18 -32 17 -31 16 -29 14 -25 11 -20 8 -14 5 -7 1 1 -1 10 -4 20 -5 29 -6 38 -7 46
CSI_DATA: 28 -64 1 0 -1 8 5 12 11 17 14 20 18 23 20 24 21 26 22 27 21 26 19 24 17 21 14 18 12 14 9 9 7 4 6 -1 6 -5 6 -10 8 -14 9 -17 11 -18 14 -19 16 -18 19 -16 20 -13 0 0 0 0 0 0 0 0 0 0 0 0 0 0 0 0 0 0 0 0 0 0 0 -12 2 -14 5 -15 8 -16 10 -16 11 -15 12 -14 13 -12 12 -10 10 -8 7 -6 3 -5 -1 -4 -7 -3 -12 -4 -18 -5 -23 -5 -27 -7 -30 -7 -32 -8 -34 -9 -34 -9 -33 -9 -30 -8 -26 -6 -21 -4
CSI_DATA: 28 -64 1 0 -5 -37 -5 -30 -5 -24 -7 -15 -9 -7 -12 0 -15 7 -18 12 -22 16 -25 19 -27 20 -29 19 -30 18 -30 16 -28 13 -26 10 -21 8 -17 5 -12 4 -7 5 -3 7 1 9 2 13 3 16 1 20 0 0 0 0 0 0 0 0 0 0 0 0 0 0 0 0 0 0 0 0 0 0 2 8 2 5 3 1 6 -2 10 -4 14 -5 18 -4 23 -3 26 0 28 2 29 5 28 8 25 9 23 8 18 6 14 4 9 0 5 -5 1 -12 -2 -19 -5 -25 -7 -32 -8 -39 -9 -44 -8 -47 -7 -49
CSI_DATA: 28 -64 1 0 9 3 6 -5 4 -13 3 -20 1 -26 1 -31 0 -33 0 -36 1 -36 1 -35 1 -32 2 -29 1 -25 1 -20 0 -14 -2 -10 -5 -4 -8 -1 -12 3 -15 4 -19 4 -22 3 -24 1 -25 -2 -25 -6 0 0 0 0 0 0 0 0 0 0 0 0 0 0 0 0 0 0 0 0 0 0 -6 5 -9 7 -13 8 -16 8 -20 8 -22 6 -24 5 -24 3 -24 2 -23 -1 -19 -2 -15 -2 -10 0 -5 3 0 6 5 10 10 14 15 19 18 23 22 27 24 29 25 31 25 33 24 32 22 29 19 25
CSI_DATA: 28 -64 1 0 2 25 -3 28 -8 32 -9 36 -8 41 -7 43 -3 45 0 45 4 42 7 39 8 34 7 29 5 23 1 17 -4 13 -9 10 -16 8 -21 7 -25 6 -29 7 -31 7 -32 8 -33 8 -32 8 -31 6 0 0 0 0 0 0 0 0 0 0 0 0 0 0 0 0 0 0 0 0 0 0 9 -6 12 -3 14 -2 17 0 19 1 21 3 22 3 23 3 23 4 22 4 20 6 18 7 16 9 13 13 11 17 10 21 10 26 11 30 15 34 18 36 22 37 25 37 26 35 27 33 26 30 21 27
CSI_DATA: 28 -64 1 0 -11 -15 -9 -19 -9 -22 -10 -26 -12 -27 -15 -28 -17 -27 -18 -26 -19 -24 -19 -21 -17 -17 -15 -15 -12 -13 -8 -12 -4 -11 1 -12 4 -11 7 -12 10 -13 12 -14 13 -15 14 -15 15 -15 16 -13 16 -11 0 0 0 0 0 0 0 0 0 0 0 0 0 0 0 0 0 0 0 0 0 0 -7 11 -8 13 -10 14 -11 15 -11 15 -11 15 -11 14 -10 13 -9 11 -9 9 -9 6 -9 2 -11 -2 -12 -6 -15 -9 -18 -12 -21 -13 -25 -13 -28 -12 -31 -10 -33 -8 -32 -6 -31 -4 -29 -2 -25 -2 -21 -4
CSI_DATA: 28 -64 1 0 -12 20 -8 11 -3 2 1 -7 3 -15 5 -23 6 -28 6 -33 6 -37 5 -38 5 -38 4 -37 4 -34 3 -30 3 -24 3 -18 2 -12 1 -6 0 1 -2 7 -4 11 -7 15 -9 18 -12 20 -16 20 0 0 0 0 0 0 0 0 0 0 0 0 0 0 0 0 0 0 0 0 0 0 0 -2 3 -6 6 -10 10 -13 13 -15 16 -17 19 -18 21 -19 22 -19 23 -17 22 -16 20 -14 16 -11 12 -7 6 -3 0 0 -6 6 -12 11 -18 17 -22 22 -27 28 -29 33 -31 36 -31 39 -29 40 -27 38
CSI_DATA: 28 -64 1 0 -16 -10 -23 -11 -29 -12 -33 -13 -36 -13 -37 -14 -37 -14 -37 -13 -34 -13 -31 -12 -26 -10 -21 -8 -16 -5 -11 -2 -6 2 -2 6 1 10 3 14 4 18 3 21 2 24 0 25 -3 26 -6 26 -10 24 0 0 0 0 0 0 0 0 0 0 0 0 0 0 0 0 0 0 0 0 0 0 1 18 -1 19 -4 19 -6 18 -7 17 -8 15 -8 13 -7 10 -4 7 -1 4 3 2 8 0 13 -2 18 -3 23 -4 28 -5 31 -5 34 -5 35 -6 35 -6 35 -6 33 -6 29 -6 23 -6 17 -6 9 -7
CSI_DATA: 28 -64 1 0 -13 19 -14 23 -17 31 -19 34 -20 39 -21 40 -20 39 -18 39 -19 36 -16 32 -13 26 -10 21 -7 15 -2 11 2 4 8 2 12 -1 16 -4 22 -4 24 -3 27 -4 31 1 31 3 28 7 26 11 0 0 0 0 0 0 0 0 0 0 0 0 0 0 0 0 0 0 0 0 0 0 20 2 19 5 22 7 19 9 19 12 14 11 12 11 9 9 7 5 5 1 3 -5 1 -11 0 -17 0 -22 0 -25 -1 -34 0 -34 -1 -41 0 -40 -1 -43 1 -41 -1 -38 -1 -35 -3 -28 -4 -19 -5 -10
CSI_DATA: 28 -64 1 0 18 2 28 1 30 0 38 0 39 -1 39 -1 39 -1 37 1 32 -1 29 0 23 -1 18 -2 11 -3 5 -4 0 -7 -6 -9 -11 -14 -12 -18 -13 -20 -14 -23 -12 -25 -10 -25 -7 -26 -4 -26 0 -25 0 0 0 0 0 0 0 0 0 0 0 0 0 0 0 0 0 0 0 0 0 0 -8 -15 -8 -19 -5 -19 -4 -22 -1 -20 1 -21 2 -18 2 -16 2 -13 1 -7 -2 -4 -6 0 -10 4 -14 7 -20 12 -23 12 -29 16 -29 16 -34 19 -32 18 -32 20 -29 16 -25 15 -21 14 -15 12 -7 10
CSI_DATA: 28 -64 1 0 21 47 22 44 22 39 22 34 20 27 16 22 11 17 6 12 0 9 -7 7 -11 6 -16 6 -21 6 -24 5 -26 6 -27 6 -28 5 -27 4 -26 3 -24 2 -22 1 -19 -1 -16 -3 -12 -4 -9 -6 0 0 0 0 0 0 0 0 0 0 0 0 0 0 0 0 0 0 0 0 0 0 -23 1 -20 0 -15 -2 -10 -2 -5 -3 2 -3 8 -4 15 -6 21 -8 27 -10 32 -11 36 -14 38 -16 37 -18 36 -20 33 -20 28 -19 23 -16 18 -12 13 -6 9 1 6 10 5 19 6 28 8 37 11 44
CSI_DATA: 28 -64 1 0 48 -20 44 -21 40 -23 35 -21 28 -22 23 -18 18 -14 14 -10 11 -3 9 3 7 8 5 13 6 17 5 19 5 22 5 25 4 26 5 26 4 25 3 24 2 22 -1 20 -4 17 -5 14 -7 11 0 0 0 0 0 0 0 0 0 0 0 0 0 0 0 0 0 0 0 0 0 0 1 17 -1 13 -1 9 -2 3 -3 -3 -5 -8 -6 -14 -8 -20 -9 -26 -10 -31 -11 -36 -12 -38 -14 -40 -16 -39 -18 -36 -18 -32 -16 -28 -14 -22 -9 -17 -4 -13 5 -9 11 -7 23 -6 32 -5 39 -7 45 -10
CSI_DATA: 28 -64 1 0 -52 -2 -50 1 -45 3 -41 5 -34 5 -27 4 -21 2 -15 -1 -10 -5 -6 -10 -3 -15 0 -19 2 -22 3 -25 4 -27 4 -28 5 -28 5 -27 6 -25 6 -23 7 -20 7 -16 8 -12 8 -9 8 -5 0 0 0 0 0 0 0 0 0 0 0 0 0 0 0 0 0 0 0 0 0 0 10 -22 10 -19 9 -14 7 -10 4 -5 2 1 -1 7 -2 14 -4 20 -5 27 -6 32 -6 37 -4 40 -3 41 0 41 1 38 3 35 3 29 1 22 -1 15 -6 8 -13 2 -20 -3 -29 -7 -37 -9 -45 -9
CSI_DATA: 28 -64 1 0 24 -24 27 -26 28 -27 28 -28 27 -27 26 -26 23 -24 20 -23 15 -20 10 -18 6 -16 1 -14 -5 -13 -9 -12 -14 -12 -17 -13 -20 -14 -22 -16 -23 -18 -22 -19 -22 -21 -20 -22 -18 -23 -16 -23 -12 -23 0 0 0 0 0 0 0 0 0 0 0 0 0 0 0 0 0 0 0 0 0 0 -14 10 -16 7 -16 4 -16 1 -13 -1 -11 -2 -7 -2 -3 -1 1 1 4 5 7 10 9 15 9 20 9 25 8 29 7 31 5 32 4 32 2 31 1 28 1 23 3 18 4 11 7 4 11 -2 15 -10
CSI_DATA: 28 -64 1 0 -17 31 -11 24 -5 18 2 11 9 5 16 1 23 -4 29 -7 34 -9 39 -11 41 -11 42 -10 42 -9 41 -8 37 -6 32 -3 27 -3 21 -4 14 -6 9 -9 4 -13 1 -18 0 -23 1 -29 5 -33 0 0 0 0 0 0 0 0 0 0 0 0 0 0 0 0 0 0 0 0 0 0 3 -1 0 0 -4 0 -8 -2 -11 -4 -13 -8 -15 -11 -17 -15 -16 -20 -15 -22 -13 -25 -10 -24 -6 -22 -4 -19 -3 -13 -3 -8 -3 -1 -5 7 -7 14 -9 22 -12 29 -15 35 -19 40 -22 43 -24 45 -25 45
CSI_DATA: 28 -64 1 0 -21 9 -22 13 -23 17 -24 19 -26 20 -27 20 -27 19 -26 18 -25 16 -23 14 -20 12 -17 12 -13 11 -10 11 -7 12 -5 14 -3 15 -3 18 -4 19 -5 20 -8 21 -10 20 -13 19 -14 16 -16 13 0 0 0 0 0 0 0 0 0 0 0 0 0 0 0 0 0 0 0 0 0 0 -13 -8 -13 -11 -11 -14 -10 -16 -7 -17 -6 -17 -4 -17 -3 -16 -3 -14 -3 -12 -5 -10 -8 -9 -11 -8 -15 -9 -18 -9 -22 -11 -24 -12 -27 -14 -27 -16 -28 -17 -27 -18 -26 -18 -25 -17 -23 -14 -22 -11 -20 -6
CSI_DATA: 28 -64 1 0 12 -28 14 -33 13 -36 12 -38 10 -38 8 -37 5 -35 3 -30 2 -26 1 -20 1 -14 2 -8 3 -1 6 5 7 10 9 15 10 18 11 20 12 22 11 22 11 22 10 21 8 20 5 18 3 15 0 0 0 0 0 0 0 0 0 0 0 0 0 0 0 0 0 0 0 0 0 0 17 3 17 5 17 7 16 8 14 8 12 8 9 7 6 7 1 5 -3 4 -8 2 -14 1 -19 0 -24 -1 -28 -1 -31 -1 -34 0 -35 2 -35 4 -33 5 -30 5 -25 5 -20 3 -14 0 -7 -4 -1 -11
CSI_DATA: 28 -64 1 0 5 -17 5 -18 5 -19 5 -19 5 -18 4 -17 3 -15 2 -12 1 -10 0 -7 -1 -4 -2 -1 -3 2 -4 5 -5 7 -7 8 -8 9 -9 9 -9 9 -9 8 -10 7 -10 6 -9 5 -7 3 -6 2 0 0 0 0 0 0 0 0 0 0 0 0 0 0 0 0 0 0 0 0 0 0 -7 -7 -6 -8 -4 -8 -4 -8 -3 -7 -2 -5 -1 -4 -1 -2 -1 0 -1 3 -1 5 -2 8 -3 10 -4 12 -4 13 -5 14 -5 15 -5 15 -4 14 -4 13 -3 11 -2 8 -1 5 0 1 1 -3 3 -7
CSI_DATA: 28 -64 1 0 -13 12 -14 13 -14 13 -13 14 -13 13 -12 12 -9 10 -7 8 -5 6 -3 4 -1 2 1 0 3 -2 6 -4 7 -5 9 -6 10 -6 11 -6 11 -5 11 -5 11 -4 10 -3 9 -2 7 -1 5 -1 0 0 0 0 0 0 0 0 0 0 0 0 0 0 0 0 0 0 0 0 0 0 2 8 1 8 0 7 -1 7 -2 6 -2 4 -2 2 -1 1 0 -1 1 -3 3 -6 5 -7 6 -9 8 -10 9 -11 9 -12 10 -12 9 -12 9 -11 8 -10 6 -9 4 -7 2 -4 -1 -2 -4 1 -6 5
CSI_DATA: 28 -64 1 0 35 0 39 -1 41 -3 41 -4 39 -5 35 -7 31 -7 26 -7 20 -7 13 -5 6 -3 0 -1 -6 2 -11 4 -16 6 -20 7 -24 9 -26 9 -26 8 -26 7 -25 6 -23 5 -21 4 -18 2 -14 1 0 0 0 0 0 0 0 0 0 0 0 0 0 0 0 0 0 0 0 0 0 0 20 3 20 6 17 7 16 9 12 8 9 8 5 7 1 4 -3 1 -8 -2 -12 -5 -16 -10 -21 -13 -24 -16 -27 -18 -29 -19 -31 -19 -30 -19 -29 -17 -26 -14 -23 -12 -18 -9 -11 -7 -3 -4 6 -2 15 -1
CSI_DATA: 28 -64 1 0 17 -25 19 -29 20 -31 19 -32 18 -32 17 -30 14 -27 11 -23 8 -19 4 -14 2 -9 -1 -4 -4 2 -7 7 -10 11 -13 14 -15 16 -17 17 -18 17 -19 16 -19 14 -18 12 -17 11 -15 7 -12 5 0 0 0 0 0 0 0 0 0 0 0 0 0 0 0 0 0 0 0 0 0 0 -2 -17 1 -17 3 -16 4 -15 5 -13 5 -11 4 -7 2 -5 1 -1 -2 3 -6 7 -9 10 -13 13 -16 16 -18 18 -20 20 -21 21 -21 21 -20 21 -18 20 -16 18 -12 14 -8 10 -4 5 1 -2 6 -8
CSI_DATA: 28 -64 1 0 -26 27 -29 31 -29 32 -29 33 -27 31 -25 29 -21 26 -16 22 -12 17 -7 12 -2 7 2 1 7 -4 12 -8 16 -11 19 -14 23 -14 25 -15 26 -13 26 -11 25 -10 23 -7 21 -5 17 -3 13 -2 0 0 0 0 0 0 0 0 0 0 0 0 0 0 0 0 0 0 0 0 0 0 5 17 2 18 0 17 -2 17 -3 14 -3 10 -3 7 -2 3 0 -2 3 -6 6 -11 10 -15 13 -18 17 -21 20 -24 21 -25 22 -26 22 -26 21 -25 18 -23 15 -20 11 -16 6 -10 0 -4 -6 3 -13 11
CSI_DATA: 28 -64 1 0 -36 -11 -39 -12 -39 -13 -38 -12 -36 -12 -33 -11 -28 -9 -23 -6 -18 -4 -13 -1 -7 3 -2 7 2 11 5 15 7 18 8 22 8 25 6 26 5 27 2 26 0 24 -1 22 -2 18 -3 15 -3 11 0 0 0 0 0 0 0 0 0 0 0 0 0 0 0 0 0 0 0 0 0 0 8 15 5 16 3 15 1 14 -1 11 -1 9 -1 6 1 2 3 -1 7 -4 11 -7 15 -9 20 -11 23 -12 26 -11 28 -11 28 -11 29 -10 26 -10 23 -9 18 -8 13 -7 6 -7 -2 -7 -10 -7 -18 -8
CSI_DATA: 28 -64 1 0 -5 34 -6 40 -6 38 -6 41 -5 37 -5 33 -3 28 -2 23 0 17 2 11 4 5 7 -1 10 -6 13 -9 18 -12 20 -13 24 -14 25 -13 25 -11 25 -9 23 -6 21 -4 19 -2 15 -1 11 -1 0 0 0 0 0 0 0 0 0 0 0 0 0 0 0 0 0 0 0 0 0 0 13 -11 15 -8 14 -5 14 -3 11 -2 9 -1 6 -1 2 -3 -2 -4 -6 -7 -9 -10 -11 -15 -14 -19 -15 -22 -16 -26 -15 -26 -16 -29 -14 -27 -14 -27 -12 -22 -11 -18 -9 -12 -8 -5 -6 2 -6 10 -5 19
CSI_DATA: 28 -64 1 0 4 -37 5 -39 6 -41 5 -40 5 -39 4 -36 4 -32 1 -27 1 -22 -2 -16 -3 -10 -6 -5 -9 1 -13 5 -16 8 -19 10 -22 11 -25 11 -26 10 -27 8 -26 6 -26 3 -23 1 -20 -1 -17 -3 0 0 0 0 0 0 0 0 0 0 0 0 0 0 0 0 0 0 0 0 0 0 -14 8 -15 5 -14 3 -13 1 -10 0 -7 0 -3 1 0 3 4 5 6 9 10 13 11 17 12 20 13 23 13 25 14 27 14 27 13 27 11 25 11 21 9 17 8 11 8 4 6 -3 5 -11 5 -20
CSI_DATA: 28 -64 1 0 9 -28 5 -21 1 -15 -3 -8 -8 -2 -13 3 -17 8 -21 12 -24 14 -27 16 -29 16 -29 16 -30 14 -28 12 -25 10 -22 8 -18 6 -13 4 -8 4 -4 5 1 7 4 9 7 12 7 16 6 19 0 0 0 0 0 0 0 0 0 0 0 0 0 0 0 0 0 0 0 0 0 0 0 2 3 2 6 3 10 5 12 7 14 11 15 14 15 17 15 20 13 21 12 22 10 21 8 18 6 15 5 10 4 4 4 -1 4 -8 5 -15 6 -22 8 -28 9 -34 11 -38 12 -41 13 -43 14 -43
CSI_DATA: 28 -64 1 0 -8 -6 -11 3 -15 11 -18 18 -21 24 -23 27 -25 29 -26 31 -27 30 -26 29 -24 26 -21 22 -17 18 -13 15 -7 11 -1 9 4 7 10 7 14 7 18 8 21 11 23 14 22 17 21 20 17 22 0 0 0 0 0 0 0 0 0 0 0 0 0 0 0 0 0 0 0 0 0 0 8 -2 12 -2 16 0 18 2 20 5 21 6 21 9 20 11 19 12 16 12 13 11 10 8 7 3 4 -2 2 -9 0 -15 -1 -22 -1 -29 -2 -34 -2 -38 -1 -42 -1 -44 0 -44 0 -42 0 -39 -1 -32
CSI_DATA: 28 -64 1 0 16 34 17 38 18 40 18 41 18 40 16 37 14 33 13 28 12 22 11 16 10 10 10 3 11 -4 13 -9 15 -14 18 -17 21 -19 23 -19 25 -18 26 -16 26 -14 25 -10 24 -7 21 -5 18 -3 0 0 0 0 0 0 0 0 0 0 0 0 0 0 0 0 0 0 0 0 0 0 -7 -19 -3 -20 0 -19 2 -18 4 -16 4 -14 3 -10 1 -7 -2 -5 -7 -2 -12 -1 -18 -1 -23 -1 -27 -2 -31 -3 -34 -5 -36 -7 -36 -8 -35 -8 -32 -7 -28 -6 -23 -3 -18 0 -11 5 -4 11 2 17
CSI_DATA: 28 -64 1 0 -28 4 -31 5 -33 6 -34 5 -34 5 -33 4 -30 4 -26 3 -21 3 -16 4 -11 5 -6 5 -1 7 4 9 7 12 9 15 10 18 10 19 9 21 7 21 5 21 3 21 1 18 0 16 -2 13 0 0 0 0 0 0 0 0 0 0 0 0 0 0 0 0 0 0 0 0 0 0 15 -1 15 2 15 4 14 6 13 7 11 8 9 7 7 5 5 3 4 -1 4 -6 4 -10 5 -14 7 -18 9 -21 11 -24 12 -26 13 -26 14 -26 14 -24 12 -23 10 -20 6 -16 1 -13 -4 -8 -10 -4
CSI_DATA: 28 -64 1 0 -6 -26 -7 -30 -9 -33 -11 -36 -13 -36 -15 -34 -16 -31 -16 -27 -14 -22 -12 -18 -8 -13 -4 -9 1 -5 6 -2 11 1 16 3 20 5 22 6 24 6 25 7 25 7 23 8 21 8 18 8 14 8 0 0 0 0 0 0 0 0 0 0 0 0 0 0 0 0 0 0 0 0 0 0 14 0 15 2 16 3 16 5 16 5 14 5 12 5 10 5 6 5 2 5 -2 4 -7 5 -12 6 -17 6 -20 7 -24 9 -27 11 -28 13 -28 15 -27 16 -25 17 -22 16 -18 13 -15 9 -11 3 -8 -4
CSI_DATA: 28 -64 1 0 3 24 3 16 1 8 0 0 -3 -8 -6 -14 -9 -20 -11 -24 -14 -27 -16 -29 -17 -29 -17 -28 -17 -27 -15 -24 -13 -21 -11 -16 -9 -12 -6 -7 -3 -2 -1 4 0 8 1 12 1 16 0 20 -2 22 0 0 0 0 0 0 0 0 0 0 0 0 0 0 0 0 0 0 0 0 0 0 -2 3 -3 -1 -3 -5 -3 -9 -1 -12 0 -16 1 -19 3 -21 5 -23 5 -23 6 -24 7 -22 7 -19 6 -15 5 -10 4 -5 2 1 1 7 0 14 0 21 -1 27 0 33 0 37 2 40 3 41 4 41
CSI_DATA: 28 -64 1 0 -29 -40 -27 -36 -24 -31 -21 -24 -16 -17 -11 -11 -5 -4 1 1 7 6 13 11 19 13 22 16 26 18 27 19 27 20 28 20 26 20 23 18 20 15 16 13 12 10 8 6 5 2 2 -2 0 -7 0 0 0 0 0 0 0 0 0 0 0 0 0 0 0 0 0 0 0 0 0 0 -6 -10 -3 -7 0 -4 2 0 3 4 4 9 5 13 5 18 5 23 5 27 4 29 4 31 3 32 3 30 2 28 1 24 0 19 0 13 -2 6 -4 -2 -7 -10 -11 -18 -14 -26 -18 -33 -23 -39 -25 -43
CSI_DATA: 28 -64 1 0 -6 14 -6 21 -6 26 -7 29 -7 32 -7 32 -6 32 -5 30 -4 26 -4 23 -3 19 -2 14 -1 8 0 3 1 -2 4 -7 5 -10 8 -13 10 -15 12 -16 14 -16 16 -15 16 -13 17 -11 16 -7 0 0 0 0 0 0 0 0 0 0 0 0 0 0 0 0 0 0 0 0 0 0 13 9 13 11 12 14 11 15 9 16 8 15 5 14 5 12 3 9 2 5 2 0 2 -5 2 -11 2 -16 3 -21 4 -25 4 -29 4 -32 4 -33 4 -33 3 -33 3 -31 1 -27 0 -22 -1 -16 -2 -8
CSI_DATA: 28 -64 1 0 -40 -12 -42 -11 -41 -11 -40 -10 -37 -8 -32 -6 -27 -5 -21 -3 -14 -2 -7 0 0 1 6 3 12 4 16 6 20 8 22 10 24 12 23 13 22 14 20 15 17 14 14 13 10 12 7 10 4 7 0 0 0 0 0 0 0 0 0 0 0 0 0 0 0 0 0 0 0 0 0 0 -13 12 -14 10 -13 7 -12 5 -9 3 -6 2 -2 1 3 1 8 1 13 2 18 3 22 5 26 6 29 7 30 8 31 8 31 7 29 7 25 5 21 3 15 1 8 -1 1 -3 -8 -5 -16 -7 -24 -9
CSI_DATA: 28 -64 1 0 18 -32 14 -26 10 -19 5 -11 1 -4 -3 4 -6 11 -9 18 -10 23 -10 27 -11 30 -12 32 -12 32 -12 30 -11 27 -11 23 -9 19 -8 14 -6 9 -3 4 1 -1 4 -5 8 -8 12 -10 17 -10 0 0 0 0 0 0 0 0 0 0 0 0 0 0 0 0 0 0 0 0 0 0 0 -6 0 -2 -1 2 -3 6 -5 9 -8 13 -10 16 -14 18 -17 20 -18 21 -19 21 -20 21 -19 18 -17 16 -13 13 -10 9 -5 4 0 -1 5 -7 10 -13 15 -19 20 -26 23 -32 25 -36 27 -39 27 -43
CSI_DATA: 28 -64 1 0 -20 -6 -26 -7 -31 -7 -33 -7 -36 -7 -36 -7 -35 -6 -34 -6 -30 -5 -26 -4 -21 -3 -16 -2 -10 0 -4 1 1 2 6 4 10 6 13 9 15 11 16 13 16 14 15 16 14 18 11 19 8 19 0 0 0 0 0 0 0 0 0 0 0 0 0 0 0 0 0 0 0 0 0 0 -12 14 -14 13 -16 12 -16 10 -16 8 -15 6 -13 5 -11 3 -7 2 -2 1 3 1 8 1 14 2 19 2 23 3 28 4 31 5 33 5 34 4 33 4 32 3 29 2 25 2 19 1 12 -1 4 -3
CSI_DATA: 28 -64 1 0 22 -3 27 -5 35 -6 35 -7 38 -10 39 -10 37 -10 35 -10 33 -9 27 -8 21 -7 15 -5 9 -4 3 -4 -3 -3 -9 -3 -13 -3 -18 -3 -21 -5 -22 -7 -24 -8 -25 -11 -23 -13 -21 -15 -17 -16 0 0 0 0 0 0 0 0 0 0 0 0 0 0 0 0 0 0 0 0 0 0 6 -20 8 -18 11 -20 12 -17 13 -16 13 -13 11 -11 9 -8 5 -5 0 -3 -5 -1 -11 1 -17 3 -22 3 -25 4 -33 5 -34 6 -39 7 -37 8 -38 9 -36 9 -32 9 -29 8 -21 6 -13 5 -4 3
CSI_DATA: 28 -64 1 0 -10 2 -1 1 7 -1 14 -2 21 -4 25 -5 29 -7 32 -7 32 -8 32 -9 29 -8 27 -8 23 -6 18 -5 13 -4 8 -3 2 -2 -4 -2 -9 -3 -13 -4 -16 -5 -19 -7 -21 -9 -21 -11 -19 -14 0 0 0 0 0 0 0 0 0 0 0 0 0 0 0 0 0 0 0 0 0 0 4 -5 7 -7 10 -9 13 -9 16 -9 19 -9 20 -8 22 -7 22 -6 20 -5 18 -3 15 -3 10 -2 5 -1 -2 -1 -9 -1 -15 -1 -22 -1 -27 0 -32 1 -36 3 -39 3 -41 4 -40 4 -38 5 -33 5
CSI_DATA: 28 -64 1 0 -50 2 -51 4 -48 5 -45 7 -39 7 -33 7 -25 6 -18 5 -10 2 -2 0 6 -3 13 -6 19 -8 23 -10 27 -12 30 -12 31 -11 31 -10 30 -9 27 -7 24 -5 19 -3 14 -2 9 -1 4 -1 0 0 0 0 0 0 0 0 0 0 0 0 0 0 0 0 0 0 0 0 0 0 -22 3 -21 0 -19 -2 -16 -4 -12 -4 -7 -4 -1 -2 4 -1 10 1 15 4 21 7 25 10 29 12 32 14 34 14 34 14 33 13 31 11 26 8 21 6 14 4 5 2 -4 0 -14 -1 -25 -1 -34 -1
CSI_DATA: 28 -64 1 0 -19 -21 -22 -24 -24 -25 -26 -27 -26 -27 -25 -27 -24 -25 -22 -23 -20 -21 -17 -17 -14 -12 -11 -7 -9 -3 -8 2 -7 7 -6 12 -7 15 -9 18 -11 19 -13 20 -15 19 -17 18 -18 16 -19 13 -18 9 0 0 0 0 0 0 0 0 0 0 0 0 0 0 0 0 0 0 0 0 0 0 7 17 4 18 1 18 -1 17 -3 15 -3 13 -4 10 -1 7 1 4 5 1 10 -1 14 -3 19 -3 23 -3 27 -3 30 -2 33 -2 33 -1 32 -1 31 0 28 -1 24 -2 20 -3 13 -5 7 -8 0 -11
CSI_DATA: 28 -64 1 0 -40 -23 -34 -20 -27 -16 -21 -11 -15 -6 -9 0 -3 7 2 13 5 18 8 23 10 28 9 31 8 33 7 34 4 32 2 31 0 27 -2 22 -3 16 -2 11 0 6 3 1 7 -1 11 -3 16 -2 0 0 0 0 0 0 0 0 0 0 0 0 0 0 0 0 0 0 0 0 0 0 6 8 4 5 4 2 5 -2 6 -5 10 -9 13 -11 17 -14 21 -14 25 -14 27 -13 29 -12 29 -11 28 -9 24 -8 20 -7 14 -7 8 -7 0 -8 -8 -9 -16 -11 -25 -13 -32 -16 -38 -19 -43 -22 -45 -25
CSI_DATA: 28 -64 1 0 42 0 36 -1 28 -1 21 -2 11 -2 3 -3 -5 -4 -13 -4 -19 -5 -25 -6 -29 -6 -32 -7 -34 -9 -33 -9 -31 -10 -28 -11 -24 -11 -19 -10 -14 -9 -10 -6 -6 -4 -2 0 2 4 3 9 3 14 0 0 0 0 0 0 0 0 0 0 0 0 0 0 0 0 0 0 0 0 0 0 -1 -8 -2 -5 -3 -1 -6 2 -9 6 -14 8 -18 9 -22 10 -26 11 -29 10 -30 9 -31 8 -30 7 -27 6 -23 4 -17 4 -11 4 -4 3 4 3 12 2 21 2 29 1 36 1 42 1 48 1 51 0
CSI_DATA: -91 80 10 0 -2 23 -2 23 -1 22 -1 22 0 22 0 21 0 21 1 21 1 20 2 20 1 19 2 19 1 19 2 19 2 18 1 18 1 17 1 16 0 16 0 16 0 14 0 13 0 13 0 13 0 12 0 0 0 0 0 0 0 0 0 0 0 0 0 0 0 0 0 0 0 0 0 0 1 19 0 19 -1 20 -1 20 -1 21 -2 21 -2 22 -3 23 -3 24 -3 24 -3 24 -4 24 -4 24 -4 24 -4 24 -4 24 -4 25 -4 25 -4 24 -4 25 -4 25 -3 25 -3 25 -3 25 -2 24 -2 25
CSI_DATA: -119 -112 8 0 -15 -22 -14 -21 -15 -21 -14 -20 -15 -19 -14 -19 -14 -19 -15 -19 -15 -19 -15 -19 -15 -18 -15 -18 -15 -18 -14 -18 -14 -18 -13 -17 -13 -17 -12 -17 -11 -16 -10 -16 -10 -15 -9 -15 -9 -14 -8 -14 -7 -14 0 0 0 0 0 0 0 0 0 0 0 0 0 0 0 0 0 0 0 0 0 0 -11 -14 -11 -14 -10 -15 -11 -15 -11 -16 -11 -17 -11 -17 -12 -18 -12 -19 -12 -19 -12 -20 -12 -21 -12 -21 -12 -21 -12 -21 -12 -22 -13 -22 -13 -22 -13 -21 -14 -22 -14 -21 -14 -22 -14 -22 -14 -22 -14 -22 -14 -22
CSI_DATA: 126 -31 23 0 22 15 22 15 22 14 21 14 22 13 21 13 21 13 21 12 21 12 21 12 21 11 20 11 20 12 20 12 19 12 18 11 18 12 17 12 15 12 15 11 14 11 13 10 12 10 12 10 11 10 0 0 0 0 0 0 0 0 0 0 0 0 0 0 0 0 0 0 0 0 0 0 16 8 16 8 16 9 16 9 16 10 17 11 17 12 18 12 18 13 19 13 19 14 19 14 20 14 20 15 20 15 20 15 20 15 20 15 21 15 21 15 21 14 22 15 22 15 23 15 23 14 24 15
CSI_DATA: -102 -95 25 0 -15 -26 -15 -26 -15 -25 -15 -25 -15 -24 -15 -24 -15 -23 -16 -23 -16 -23 -16 -23 -16 -22 -16 -21 -16 -22 -16 -22 -15 -22 -14 -21 -14 -21 -13 -21 -12 -20 -11 -19 -11 -18 -10 -17 -9 -17 -9 -17 -8 -17 0 0 0 0 0 0 0 0 0 0 0 0 0 0 0 0 0 0 0 0 0 0 -13 -19 -12 -20 -11 -20 -12 -21 -12 -21 -12 -23 -12 -24 -12 -25 -11 -25 -11 -25 -12 -26 -12 -27 -12 -26 -11 -26 -11 -27 -12 -28 -13 -27 -12 -27 -13 -27 -13 -27 -14 -27 -14 -27 -15 -27 -15 -27 -15 -27 -15 -28
CSI_DATA: 82 32 5 0 24 10 23 9 23 9 22 8 23 8 23 8 23 7 22 7 23 7 22 7 22 6 22 6 22 6 22 7 21 7 20 7 19 8 19 8 18 8 17 8 16 8 15 7 14 7 14 8 13 8 0 0 0 0 0 0 0 0 0 0 0 0 0 0 0 0 0 0 0 0 0 0 16 4 16 5 16 5 16 5 17 6 18 7 18 8 19 8 20 9 20 9 20 10 21 10 21 10 21 11 21 11 22 11 21 11 22 11 22 10 22 10 23 10 23 10 24 10 23 10 24 10 24 10
CSI_DATA: 82 32 5 0 -16 -21 -16 -21 -16 -20 -16 -20 -17 -19 -17 -19 -17 -19 -18 -19 -18 -18 -18 -18 -18 -17 -18 -17 -18 -18 -17 -18 -17 -18 -16 -17 -16 -17 -15 -18 -14 -17 -13 -17 -12 -16 -12 -15 -11 -15 -11 -15 -10 -15 0 0 0 0 0 0 0 0 0 0 0 0 0 0 0 0 0 0 0 0 0 0 -11 -14 -11 -15 -11 -15 -11 -16 -11 -17 -11 -18 -11 -19 -12 -20 -11 -21 -11 -21 -12 -22 -12 -22 -12 -22 -12 -22 -11 -23 -12 -23 -12 -23 -12 -23 -12 -23 -13 -22 -13 -22 -13 -22 -14 -22 -15 -22 -15 -21 -15 -22
CSI_DATA: 82 32 5 0 27 -3 26 -3 26 -3 25 -4 25 -4 25 -4 25 -5 24 -5 25 -5 24 -5 24 -5 23 -5 23 -4 24 -4 23 -4 23 -3 22 -3 22 -2 20 -1 20 -1 19 -1 18 -1 17 0 16 1 16 1 0 0 0 0 0 0 0 0 0 0 0 0 0 0 0 0 0 0 0 0 0 0 14 -3 15 -3 15 -3 16 -3 17 -3 17 -3 18 -2 19 -2 20 -2 21 -2 21 -1 22 -1 22 -2 23 -1 23 -1 23 -1 24 -2 24 -1 24 -2 24 -2 25 -2 25 -3 26 -3 26 -3 26 -3 26 -3
CSI_DATA: 82 32 5 0 -19 -19 -19 -19 -19 -19 -19 -19 -18 -18 -19 -17 -19 -17 -19 -16 -19 -17 -20 -16 -19 -16 -19 -16 -19 -16 -18 -16 -18 -16 -17 -15 -17 -16 -16 -16 -15 -15 -14 -15 -13 -15 -12 -14 -12 -14 -11 -13 -10 -14 0 0 0 0 0 0 0 0 0 0 0 0 0 0 0 0 0 0 0 0 0 0 -12 -13 -12 -13 -12 -13 -12 -14 -12 -14 -13 -15 -14 -15 -15 -16 -15 -16 -15 -16 -16 -18 -16 -18 -16 -18 -16 -18 -17 -18 -17 -19 -17 -19 -17 -19 -18 -19 -17 -20 -18 -19 -18 -20 -19 -20 -19 -19 -19 -20 -20 -21
CSI_DATA: 82 32 5 0 10 27 10 27 10 27 10 26 11 25 11 25 11 25 11 24 12 24 11 24 11 23 11 22 11 22 11 22 10 22 10 21 9 21 8 21 7 19 7 19 6 18 5 17 5 16 4 16 4 16 0 0 0 0 0 0 0 0 0 0 0 0 0 0 0 0 0 0 0 0 0 0 10 18 10 19 9 19 9 20 9 21 9 22 9 23 9 24 9 25 8 25 8 26 8 27 7 27 7 27 8 27 7 28 8 28 8 28 9 27 9 27 9 28 10 28 10 28 10 28 10 28 11 29
